100
950 95
2 2
712 1
355 11
5 75
924 39
312 23
582 60
67 45
125 51
540 8
398 61
29 97
30 46
537 11
728 33
3 10
171 6
177 61
81 39
270 26
226 22
2 3
440 28
289 48
446 2
616 91
2 50
124 68
758 96
555 27
509 10
635 54
40 62
319 10
169 55
397 40
2 97
1000 99
451 5
2 96
254 30
387 98
2 1
245 99
1000 97
452 71
173 90
424 35
865 23
2 95
875 93
279 28
551 71
838 46
494 92
918 38
793 69
413 35
911 80
2 5
1000 98
659 89
758 85
2 4
1000 2
716 10
642 34
1000 96
439 40
915 30
1000 3
580 93
892 10
2 99
289 65
2 36
906 56
2 98
169 3
500 44
958 86
1000 5
964 38
1000 4
264 31
592 91
656 95
1000 95
744 91
755 11
1000 1
748 77
824 54
507 14
871 75
808 71
13 37
565 89
965 51
