100
1221469
12
1264969
7783893
4461642
8873129
3949061
3410821
8291470
3855409
7742461
11
5388168
9999997
3023326
3191803
9999931
6704676
6716541
6
9999973
10000000
928009
9999161
2896297
3910981
7
2
9
86293
9999930
6987083
4170220
1403870
5094841
10
9682616
3132736
8
9999998
3702389
8248729
13
9999995
1862603
8697851
4751053
9999991
140839
2872729
8603593
1
3323191
615403
9516811
9971849
1750607
9325574
4461641
6463741
9999996
1281246
6865010
6537523
1144
1507483
9299449
983469
6513281
2044523
9999999
8184167
9987391
5001361
1481717
5462959
4
4936439
4461643
9309119
3929879
9999162
7203246
592432
3
9999971
6735763
9999972
8460583
9010879
559513
4572049
6697461
5
2360890
5103067
2196613
9999163
7551991
9999929
