80 88
2485375 4501576 6751993 2865631 4340877 954381 6630089 1722379 4347937 8508674 5493926 758743 1907960 3254271 6356546 1674671 8108054 7755303 8918731 9071336 8187711 3341212 7347861 9098177 796028 6082765 7333901 5392833 3824841 9973192 8653969 2852891 6274885 6238744 2592169 7934543 7240563 3184826 1605373 6522011 8574464 9854379 9431052 8108419 1516964 6464811 160279 481577 9012364 3433337 920019 7358183 2172706 7320233 1912589 8341430 2306945 7204573 163123 3946382 3865706 1178297 6925684 1366793 4397354 2421177 9586591 8058478 3230208 6544672 5014019 9154049 1324406 7634132 5090605 6007816 535357 3148405 652427 1198949
59 68
63 68
70 59
43 63
23 59
75 70
78 70
42 70
20 78
37 78
41 43
17 78
30 78
64 37
46 30
29 78
22 43
47 29
33 22
12 41
35 59
9 46
16 20
11 22
45 64
5 12
56 43
76 11
10 30
79 16
7 30
49 7
13 37
50 76
36 35
19 49
57 33
44 29
65 44
77 56
26 11
53 36
48 23
60 7
39 16
40 44
55 11
28 26
8 44
58 50
15 64
71 22
69 48
1 59
61 79
66 39
14 10
80 22
3 55
38 14
34 11
18 10
54 75
62 71
21 63
67 65
52 43
24 45
74 54
25 28
31 16
27 56
4 48
6 70
32 6
51 77
2 24
73 23
72 78
64 77
16 13
55 71
10 40
13 55
9 2
31 17
51 55
63 45
4 19
64 27
55 20
37 1
69 51
42 27
62 2
75 38
69 33
39 52
13 68
20 57
20 38
28 16
36 6
51 65
33 39
43 70
23 48
7 16
16 16
28 46
52 43
59 70
28 8
3 10
23 14
61 66
21 70
43 30
38 59
5 50
1 43
44 77
71 38
52 57
10 26
1 6
53 41
61 66
75 45
46 19
65 62
23 47
62 8
45 3
24 43
21 24
10 6
5 18
49 23
14 12
15 7
48 72
1 9
41 62
10 57
46 55
76 60
52 25
25 46
69 38
14 19
1 29
63 29
43 24
66 51
59 46
16 73
73 54
44 76
2 15
39 1
1 42
26 67
23 41
34 51
45 55
78 24