100 100
qqqqqqqqqqzrzrrzrzrrzrrzrzrrzrzrrzttttttttttttttttttttttttttttttttttttttttttttttttttttttqncpqzcxpbwa
61 97
15 50
68 89
74 87
70 80
53 97
49 73
86 92
85 88
10 76
70 89
41 78
7 36
31 38
19 99
91 91
86 98
21 66
91 91
49 90
44 51
12 66
86 91
42 56
6 46
52 71
10 72
86 91
74 78
17 39
38 92
6 99
90 91
88 91
57 66
19 49
3 83
42 75
69 70
95 96
77 98
76 87
59 80
47 90
68 90
4 51
89 92
69 79
0 44
49 94
27 43
40 47
42 75
68 69
59 89
62 79
34 37
52 93
31 60
19 35
14 46
93 96
62 82
74 84
44 56
96 96
80 92
41 72
80 99
17 39
0 85
68 99
35 75
89 99
57 78
99 99
64 93
29 55
93 93
32 44
55 58
98 98
81 90
19 87
14 37
67 96
2 32
25 47
51 95
46 54
69 79
64 95
61 75
0 22
78 94
6 44
0 17
0 56
46 58
35 63