500
999999999 100 999999998 99
1000000000 100 2 1
999999999 100 1 2
3 387806766 2 3
803061495 4 3 3
999999999 999999999 1 999999998
1000000000 1000000000 1 4469475
1000000000 999999999 999999999 1
100 999999999 99 2
4 999999999 1 3
501599341 999999999 2 3
4 100 3 3
1000000000 84082569 375561153 2
4 100 2 3
999999999 100 2 2
999999999 999999999 1 3
427727826 1000000000 3 1
804494411 2 1 1
100 1000000000 99 2
1000000000 1000000000 1 1
564769898 999999999 3 3
1000000000 100 1 99
2 2 1 1
452792670 1000000000 2 115192647
1000000000 3 198570665 2
100 351514573 1 3
543383962 764857696 2 41522173
4 100 2 1
999999999 100 361399062 76
3 100 1 1
1000000000 4 1 2
100 3 1 2
1000000000 748176992 2 3
999999999 999999999 1 2
4 1000000000 3 3
189832940 1000000000 2 3
999999999 3 1 2
1000000000 100 1 2
351511977 1000000000 3 1
1000000000 1000000000 3 1
1000000000 4 2 3
100 100 99 3
100 100 1 2
1000000000 935367125 2 688653704
1000000000 2 999999999 1
100 999999999 3 999999998
100 1000000000 99 3
4 1000000000 2 812085677
100 1000000000 2 2
4 1000000000 1 1
4 2 2 1
1000000000 3 3 1
999999999 999999999 1 713021361
76553835 3 3 2
999999999 2 1 1
2 477765917 1 413635441
100 3 3 2
999999999 1000000000 3 233117279
100 397986566 65 2
1000000000 3 3 2
100 916630865 1 2
1000000000 100 3 1
3 4 2 2
999999999 4 1 2
3 332461468 2 3
999999999 999999999 3 3
588175668 2 2 1
999999999 100 3 3
999999999 100 2 1
999999999 153855548 3 2
100 999999999 2 1
4 1000000000 3 1
606735969 100 574575067 9
3 1000000000 1 999999999
4 1000000000 1 2
4 3 2 1
4 3 3 1
1000000000 4 999999999 3
100 999999999 2 999999998
100 1000000000 99 1
100 3 2 1
3 637320062 1 460765579
999999999 999999999 3 2
4 4 3 2
2 611627491 1 2
4 100 2 71
100 999999999 1 3
1000000000 1000000000 999999999 999999999
704993648 595827515 1 3
999999999 100 2 99
100 1000000000 3 1
999999999 2 2 1
1000000000 889034323 2 585497466
4 21218471 2 2
3 4 1 2
999999999 999999999 999999998 2
1000000000 999999999 999999999 2
2 1000000000 1 3
699118378 100 371255050 53
1000000000 100 999999999 1
270079655 4 13920983 1
100 4 2 1
999999999 4 1 3
1000000000 100 2 27
100 1000000000 3 875437474
999999999 999999999 1 1
1000000000 999999999 1 2
999999999 1000000000 3 1
1000000000 100 999999999 3
999999999 100 999999998 1
1000000000 1000000000 711006329 2
100 100 3 2
100 100 2 3
2 4 1 3
3 999999999 2 3
100 1000000000 3 3
3 100 2 99
999999999 999999999 999999998 999999998
3 999999999 1 2
100 4 3 1
1000000000 1000000000 999999999 2
4 1000000000 1 3
3 999999999 1 999999998
804684832 197217720 1 153175513
2 3 1 1
400638252 4 3 2
999999999 1000000000 999999998 999999999
4 4 1 1
100 2 3 1
3 190048202 1 3
66434218 3 2 2
999999999 4 3 3
945684593 999999999 725490874 3
4 1000000000 2 1
3 1000000000 2 174737436
4 4 2 3
1000000000 999999999 2 1
4 999999999 2 1
100 1000000000 2 1
3 3 2 1
3 2 2 1
4 40276081 1 3
4 3 2 2
914040527 100 1 2
999999999 1000000000 3 3
3 1000000000 1 3
100 100 1 3
160776118 100 1 1
3 999999999 1 419422452
475576299 79599546 62711377 1
4 2 1 1
100 999999999 3 1
100 100 99 2
999999999 1000000000 2 2
999999999 489345280 108542079 3
1000000000 352351844 795508322 1
999999999 3 976671636 2
946260157 2 1 1
1000000000 1000000000 1 3
999999999 100 2 11
2 1000000000 1 2
3 100 2 1
999999999 1000000000 999999998 2
4 1000000000 2 2
999999999 1000000000 999999998 1
999999999 999999999 2 999999998
999999999 100 999999998 3
4 100 3 2
4 100 3 99
1000000000 1000000000 3 165697225
2 999999999 1 3
713458743 999999999 1 232415301
1000000000 100 999999999 2
1000000000 527180352 2 1
4 4 3 1
2 100 1 3
3 999999999 1 1
100 100 2 1
100 4 1 3
1000000000 100 3 3
1000000000 3 999999999 2
100 999999999 2 3
4 4 2 2
999999999 999999999 2 1
1000000000 2 3 1
4 1000000000 1 999999999
999999999 1000000000 2 3
990898699 2 1 1
100 2 99 1
999999999 999999999 999999998 1
406955220 100 2 1
632200338 3 1 2
100 100 1 1
1000000000 1000000000 2 999999999
1000000000 999999999 1 3
999999999 999999999 3 97982365
100 3 99 1
4 100 1 1
100 100 99 99
100 4 1 2
4 100 1 2
2 4 1 1
100 999999999 2 2
1000000000 999999999 3 3
4 100 2 99
100 3 2 2
4 2 3 1
4 142306207 2 3
251333014 100 1 2
4 999999999 3 1
2 1000000000 1 1
100 999999999 3 607160337
259765240 2 1 1
1000000000 100 99694839 3
1000000000 100 1 1
2 270189690 1 1
100 4 2 3
999999999 999999999 2 3
100 4 99 1
999999999 1000000000 2 1
3 100 1 2
3 100 1 99
100 100 3 48
999999999 1000000000 488516079 1
779009402 100 3 3
407111787 999999999 158724311 2
3 100 2 3
100 1000000000 99 999999999
999999999 4 999999998 2
100 999999999 99 999999998
900930753 3 3 1
3 1000000000 1 2
2 475952396 1 3
3 1000000000 2 2
999999999 734992451 64730372 1
999999999 999999999 3 999999998
100 1000000000 2 3
349725997 3 3 2
100 4 2 2
4 999999999 2 2
100 100 2 2
999999999 4 627313199 3
999999999 3 3 2
755742919 1000000000 2 2
2 590064564 1 410727603
4 4 1 3
4 4 3 3
598618548 1000000000 1 2
100 999999999 1 1
100 4 99 3
977912389 734778827 532290378 1
4 1000000000 3 2
999999999 100 3 99
100 999999999 99 1
999999999 100 2 3
1000000000 999999999 1 999999998
999999999 100 3 1
3 999999999 2 930212147
100 100 3 99
4 100 3 1
3 929445484 2 1
4 1000000000 3 999999999
100 100 3 3
3 402700402 2 1
992439437 2 2 1
100 4 3 3
100 999999999 72 3
312920545 1000000000 309279031 2
999999999 3 618585901 2
3 4 2 3
3 1000000000 2 3
3 999999999 2 478452455
19089712 3 3 1
3 999999999 1 3
999999999 1000000000 1 999999999
4 1000000000 2 999999999
2 1000000000 1 999999999
1000000000 1000000000 990110168 2
999999999 1000000000 3 2
1000000000 999999999 999999999 3
4 3 1 2
100 100 1 99
3 1000000000 1 1
1000000000 4 999999999 1
515006471 3 3 2
1000000000 1000000000 2 1
4 1000000000 2 3
1000000000 999999999 313743023 2
513324740 2 1 1
4 999999999 3 999999998
3 100 1 64
1000000000 4 120887411 1
100 999999999 3 2
4 4 2 1
999999999 3 2 1
4 198068727 2 2
201238540 100 49757290 14
999999999 1000000000 2 999999999
2 100 1 1
3 131597407 2 130390896
999999999 4 3 1
999999999 100 1 92
999999999 3 768481208 2
4 4 1 2
4 100 2 31
999999999 100 1 3
999999999 100 999999998 2
1000000000 1000000000 3 999999999
999999999 100 1 1
100 999999999 1 4861357
1000000000 2 1 1
2 999999999 1 1
1000000000 1000000000 3 2
4 292678792 1 2
1000000000 999999999 2 999999998
1000000000 4 1 1
100 2 9 1
365482087 971250614 97597 28576180
275678673 999999999 1 1
100 999999999 49 1
2 999999999 1 354427649
3 999999999 1 701097245
3 2 1 1
2 100 1 99
1000000000 634373833 687984129 3
1000000000 999999999 3 999999998
1000000000 4 2 2
1000000000 1000000000 301408972 2
999999999 999999999 999999998 3
1000000000 1000000000 999999999 3
999999999 4 2 1
3 999999999 2 2
100 999999999 2 217038469
100 1000000000 14 1
1000000000 999999999 1 1
404696558 1000000000 344580310 355699065
3 100 1 3
100 100 99 1
100 999999999 5 3
1000000000 3 1 1
1000000000 100 999999999 99
1000000000 999999999 2 47219043
3 999999999 2 1
474573491 100 2 2
100 2 2 1
100 999999999 99 3
1000000000 723284552 647366837 1
100 102245557 1 1
4 999999999 3 3
999999999 1000000000 3 999999999
1000000000 1000000000 2 2
100 3 1 1
1000000000 100 3 99
4 100 1 99
3 3 2 2
100 1000000000 2 999999999
999999999 100 1 99
100 3 99 2
100 3 98 2
100 100 2 99
671771882 1000000000 458242975 1
999999999 2 999999998 1
999999999 3 3 1
100 1000000000 3 881233701
100 999999999 1 913663288
1000000000 100 3 2
1000000000 100 3 62
1000000000 1000000000 432922762 516684653
163592637 549432548 2 110629430
1000000000 999999999 2 2
1000000000 4 999999999 2
880984255 1000000000 1 3
205684158 100 1 3
4 3 1 1
586838884 999999999 2 2
100 999999999 1 2
38475058 4 38289611 2
3 4 1 3
904027769 100 278679397 3
100 4 84 3
999999999 999999999 470395372 2
2 999999999 1 999999998
3 999999999 2 217585714
4 999999999 1 1
100 100 3 1
1000000000 100 1 3
3 3 1 2
4 999999999 2 999999998
377173489 999999999 3 1
4 999999999 2 3
999999999 3 132294377 2
4 1000000000 1 809590669
999999999 2 3 1
1000000000 4 3 2
377279890 1000000000 2 469488179
999999999 1000000000 3 218565021
241065083 1000000000 1 1
4 999999999 1 344277279
3 750409238 1 2
1000000000 4 3 3
999999999 4 2 2
999999999 4 2 3
100 4 3 2
142421367 2 48241495 1
4 999999999 1 999999998
998645846 2 2 1
100 1000000000 1 999999999
999999999 999999999 3 1
372315310 428364244 1 1
100 999999999 3 3
999999999 3 2 2
100 1000000000 1 1
100 305987626 2 48247012
1000000000 100 2 3
999999999 1000000000 1 3
245635459 1000000000 2 2
100 39439397 2 35075686
999999999 1000000000 999999998 3
1000000000 2 592728920 1
2 100 1 2
268284003 3 3 1
999999999 4 1 1
587962907 2 570433024 1
630783940 100 3 2
702326696 999999999 3 1
1000000000 2 2 1
3 999999999 2 999999998
204388631 3 2 2
1000000000 3 999999999 1
999999999 1000000000 1 2
820459816 1000000000 228363612 2
100 1000000000 1 2
1000000000 999999999 2 3
999999999 3 1 1
100 1000000000 3 999999999
2 3 1 2
4 911940777 2 39960172
100 999999999 1 999999998
1000000000 999999999 90055928 1
3 4 2 1
135818523 100 127108945 1
3 1000000000 2 999999999
1000000000 3 1 2
100 2 1 1
499812538 999999999 1 1
999999999 3 999999998 1
2 251894516 1 3
999999999 3 999999998 2
3 3 1 1
4 100 2 2
100 1000000000 3 2
4 999999999 1 2
1000000000 1000000000 999999999 1
999999999 999999999 3 361042743
100 3 3 1
1000000000 100 2 99
4 625855660 3 1
3 4 1 1
1000000000 1000000000 1 2
4 100 3 56
999999999 1000000000 3 780175482
999999999 4 999999998 1
1000000000 4 2 1
999999999 306100163 2 1
3 100 2 2
4 308024713 3 2
2 4 1 2
100 1000000000 1 3
1000000000 3 2 1
4 100 1 3
1000000000 100 2 2
759115178 100 3 1
4 999999999 3 2
207868204 1000000000 2 225202610
1000000000 3 2 2
999999999 100 3 2
1000000000 1000000000 2 3
1000000000 4 1 3
874810763 1000000000 1 903855415
999999999 4 999999998 3
569981406 4 2 2
621335426 20082604 2 3
100 4 1 1
999999999 1000000000 2 724564983
999999999 1000000000 141127510 2
100 4 99 2
2 100 1 66
999999999 999999999 2 2
1000000000 999999999 999999999 999999998
1000000000 1000000000 3 3
999999999 4 3 2
2 999999999 1 2
1000000000 1000000000 1 999999999
1000000000 4 3 1
3 1000000000 2 1
2 736436882 1 1
1000000000 999999999 3 1
4 3 3 2
999999999 1000000000 1 1
1000000000 999999999 3 2
