965
3371
99
38
32768
518400
37
1323
72900
104
922505446
71
163840
8960
3375
179200
83160
6765
6541551
121500
32256
665
4200
11664
482421315
5304
3312
364500
43740
9827
61440
57
17820
4560
782
49152
934
1836
35280
23400
288000
226151256
546750
16464
22848
442368
76800
957262828
7920
1615
536870912
301056
912
391
8660
4488
165888
96
54
7025
243000
216000
4374
12096
660
23760
2618049
42755209
900
320
28672
1890
259200
93312
10
3696
48510
135000
476014
89600
6840
6000
8316
3564
8372259
180000
209952
2400
22176
672
98415
2906162
184320
4312
1100
81
64152
272160
17136
106
31500
4320
70
2304
1764
2352
2688
5120
540
73728
112
1440
124416
15120
19800
80640
53940
30720
19200
10240
72
24576
504
49
124
949106497
66528
138240
59
105
816
673921
322560
2000
110
129600
49000
132300
6400
17550
432000
3960
432255
4050
107520
300
964532929
23328
3584
14700
31680
9900
82944
89100
2156
9240
6075
276480
7785
51030
67893369
28512
1512
510205
900360029
10080
302400
211680
9504
4680
56448
396
2940
474
17424
19440
15840
25490988
16000
17280
102
92400
583200
189
49392
7500
54000
725573
36
252000
44
44550
17920
4752
6
32640
176400
31
119
26
430080
36283838
787320
12150
16800
6037
161280
114688
193536
4160
21504
54432
375000
2268
393216
34
7776
126
622080
23232
614400
48
8624
142884
501
108000
3900
12348
116640
2600
2070
5016
109
9425
1600
14400
466560
5073
524880
58320
768
9216
33696
151200
5040
131
65610
180
4158
94770
8976
58054077
262440
37440
69984
57600
27000
16
29
20592
519
32805
14112
47473
405000
75600
35503
4733
1632
28000
37800
22500
27216
78000
94080
2
7389
3264
646
43
85536
126720
256000
5657
589833267
32000
8208
4896
10560
1386
546
8250
938017885
14336
587234
25
5940
169344
170
50688
998244353
281250
3240
81648
5
172800
96768
2160
32670
24000
8640
998506315
42000
230400
90720
38497
76032
42336
61740
468
81000
1817
3
19656
92
3168
25200
79200
58800
69
414720
552960
6144
94500
7455307
3000
50400
983900459
9
2200
86
981028563
12240
7040
20736
80
2520
46
168960
2025
129024
85
132000
38400
457481
4914
954158175
13056
57024
11
79
58
59136
72576
55296
12800
47
6930
472392
42105
33108
145800
96000
9000
33792
95040
23
84
87
813
491520
45
61966
314928
193
15390
864
75
11000
7560
24192
340200
8087519
26460
70400
63504
4173641
103680
17
136080
567
10368
5000
2592
74
46080
181440
5376
47040
349920
69120
68
56700
4410
155520
5280
15876
2707
1001
448
123
41472
961175759
9180
207360
6552
101250
248832
225792
5044
362
2376
8550
100800
3510
224
111
92317161
88704
3600
7897861
57344
18240
18720
11016
30240
29484
84579
22680
1741
127008
1824
25600
216
63360
120
7
3072
142560
5200
32076
56160
29250
700
3528
125
5346
621008
172032
21952
164640
42120
2016
8
82268566
95256
2403381
44928
105840
4536
93
133650
999999999
1260
41580
25920
70200
268800
10800
810
1048576
4943
60480
31200
5184
47958485
53760
291600
42768
4032
24300
117
5400
6804
78
2730
2097152
16380
122
50000
13230
145152
94
5250
34300
95
235200
361
12870
204120
14560
8748
20328
28800
34848
9100
70560
5767201
33750
102060
64800
128000
245760
2560
122880
8424
63
9800
460800
110592
85712697
8000
9409159
40824
54600
104976
62208
78750
4000
1960
1671
31752
300000
21600
34020
640
1848
288
49896
27456
23040
21
8772
11085765
120000
131980
517759
6300
52800
12672
86400
127
62
221184
74088
22
29160
33600
360000
64
5297
7392
368640
50544
18000
1500
15552
5824
129
1800
43200
63180
697106497
36864
96228
323
1134
1
85881
22950
346742385
150000
18432
633
21840
67584
33
408240
31590
27720
2430
1520
16200
192
420
5625
215040
5601
65536
135
14
688978813
22464
12000
1920
2880
459270
48238
15
55
2720
66150
27
1620
1056
92160
7290
2431
1001604
696
5760
47520
6600
32400
8015864
43680
18
2250
7056
969
4539685
4
373248
5616
99840
307200
653477439
7296
11340
14688
926315427
746803744
473
4655
27184698
97200
4620
64512
85050
1530
153600
4800
42
19008
50
257
241920
76
16224
20000
35100
625433749
25002
41600
13680
49280
200000
3024
1701
699840
125440
2100
29700
47628
7200
13122
105000
24696
24750
10752
198450
40950
70235461
39936
322081025
139968
9450
2640
524288
5520
1728
69888
118
409342369
71805
12768
53
3456
20
655360
186624
26880
393660
160
1944
1000000
90
6750
904152917
6399199
395
8826131
48600
1000000000
52920
162000
88
480000
49920
56
196830
86016
163296
60000
192000
30973
79548
331776
7680
46464
40960
336000
792
108864
45360
15750
39600
217728
110250
122877509
24480
81920
15400
9408
13
60
7938
71280
967669583
34111
100696425
3360
15680
194241
67500
32
147456
67200
282791
98304
10260
77
311040
30
5721
18480
1249
115200
994617
196608
8320
118263990
10710
1680
128
73
64680
12544
72000
80949857
226800
20480
70000
6480
13824
150528
3864
64922375
201600
9600
48000
8448
19
97
77760
281
916855204
115248
202500
13860
4788
98
31104
121
16524
74880
324000
10500
66
14040
20160
144000
59400
107
51
29120
1008
8064
34560
2310
21383
12960
559
108
112000
999999937
33401221
233280
1904
240000
84240
182250
83
641
7128
52
986129769
21168
214573
118272
65
45000
52488
23100
101
1215
805306368
49500
131220
30030
24
9489
3509575
2736
3645
4608
987
8100
105600
17640
91
270000
8347
51840
112896
15288
21384
3780
116
345600
118800
3120
29400
57624
89
67
441
63000
13440
84480
134400
28080
170100
6720
306180
168000
486000
38880
388800
75264
13500
48384
38016
11264
12288
35640
35
29952
103
11232
54880
21000
2340
18816
91857
84000
989447237
3157819
786432
87480
16128
40320
236250
7390
4675
630
5600
5808
21870
4480
115
362880
16320
10000
194400
40
576
141120
123480
99000
157464
23115571
1584
174960
113
999999998
8400
68040
279936
44800
294912
28
34944
4725
4704
244944
