1
32
848152038 710076825 391203784 329067114 255055188 586359184 104534516 789913400 222791575 168823423 992470256 124974540 213019688 494971365 235874064 288867846 620009287 119987324 746726179 594364884 931785979 883873290 442740492 576235374 417101884 466818339 706704458 513078394 821914635 638170797 217886287 251266934
40
14 25
1 19
9 20
23 28
2 14
15 16
16 18
3 3
6 26
16 27
21 32
3 14
17 20
20 21
25 29
8 25
24 30
27 28
3 22
2 28
23 29
22 26
18 19
7 27
8 29
25 32
8 22
4 6
1 32
23 29
1 16
8 32
24 31
2 12
16 28
16 27
1 27
27 28
20 23
7 13