105
1 10
417021999 1
894606664 83
4 5
313424185 10
97 100
2 100
3 6
417304805 46
195 99
876389147 87
7 3
4 8
3 3
1 3
1000000000 100
100 100
1 73
999999999 2
7 2
3 1
443452894 88
236088977 100
1000000000 99
2 1
3 4
101 100
138 6
3 7
199 100
102 99
1 31
5 3
99 100
197 99
27387596 54
558689828 44
203 100
128124448 100
4 6
103 100
98 100
3 5
3 100
6 2
200 100
196 99
4 2
202 100
197 100
198101484 78
98 99
97 99
1000000000 2
2 5
2 99
273049978 17
3 99
4 4
114382 1
1 100
671654092 96
96 99
3 2
1000000000 94
140386937 94
200 99
2 3
1 99
102 100
1000000000 3
101 99
5 2
99 99
4 3
999999999 99
999999999 3
1000000000 40
1000000000 1
201 100
800744567 72
8 3
198 100
1 2
4 9
999999999 100
4 1
2 2
198 99
783314473 84
5 1
186260212 39
997184809 100
199 99
999999999 1
146755893 1
9 3
100 99
201 99
4 7
2 4
1 1
6 3
289629644 32
670528042 10
