Case #1: -1
Case #2: 27 3 3 11 1 1 1 1 1 1 1 1 1 1 1 1 1 1 1 1 1 1 1 1 1 1 1 1
Case #3: 22 2 19 1 1 1 1 1 1 1 1 1 1 1 1 1 1 1 1 1 1 1 1
Case #4: 26 2 2 2 2 2 2 2 2 2 2 2 2 2 2 2 1 1 1 1 1 1 1 1 1 1 1
Case #5: 17 2 2 2 2 2 2 2 2 3 3 3 3 5 5 1 1 1
Case #6: 5 37 1 1 1 1
Case #7: 23 3 3 3 7 7 1 1 1 1 1 1 1 1 1 1 1 1 1 1 1 1 1 1
Case #8: 19 2 2 3 3 3 3 3 3 5 5 1 1 1 1 1 1 1 1 1
Case #9: 26 2 2 2 13 1 1 1 1 1 1 1 1 1 1 1 1 1 1 1 1 1 1 1 1 1 1
Case #10: -1
Case #11: -1
Case #12: 22 2 2 2 2 2 2 2 2 2 2 2 2 2 2 2 5 1 1 1 1 1 1
Case #13: 23 2 2 2 2 2 2 2 2 5 7 1 1 1 1 1 1 1 1 1 1 1 1 1
Case #14: 23 3 3 3 5 5 5 1 1 1 1 1 1 1 1 1 1 1 1 1 1 1 1 1
Case #15: 17 2 2 2 2 2 2 2 2 2 2 5 5 7 1 1 1 1
Case #16: 12 2 2 2 3 3 3 5 7 11 1 1 1
Case #17: -1
Case #18: -1
Case #19: 17 2 2 3 3 3 3 3 5 5 5 1 1 1 1 1 1 1
Case #20: 22 2 2 2 2 2 2 2 2 2 3 3 7 1 1 1 1 1 1 1 1 1 1
Case #21: 13 5 7 19 1 1 1 1 1 1 1 1 1 1
Case #22: 22 2 2 2 3 5 5 7 1 1 1 1 1 1 1 1 1 1 1 1 1 1 1
Case #23: 25 2 2 2 2 3 3 3 3 3 3 1 1 1 1 1 1 1 1 1 1 1 1 1 1 1
Case #24: -1
Case #25: 8 2 2 2 3 13 17 1 1
Case #26: 11 2 2 2 2 3 3 23 1 1 1 1
Case #27: 15 2 2 3 3 3 3 3 3 5 5 5 1 1 1 1
Case #28: 21 2 2 3 3 3 3 3 3 3 5 1 1 1 1 1 1 1 1 1 1 1
Case #29: -1
Case #30: 23 2 2 2 2 2 2 2 2 2 2 2 2 3 5 1 1 1 1 1 1 1 1 1
Case #31: 21 3 19 1 1 1 1 1 1 1 1 1 1 1 1 1 1 1 1 1 1 1
Case #32: 17 2 2 3 3 3 3 5 11 1 1 1 1 1 1 1 1 1
Case #33: 13 2 2 2 2 3 5 19 1 1 1 1 1 1
Case #34: -1
Case #35: 25 2 2 2 2 2 2 2 2 2 2 2 2 2 2 3 1 1 1 1 1 1 1 1 1 1
Case #36: -1
Case #37: 17 2 2 3 3 3 17 1 1 1 1 1 1 1 1 1 1 1
Case #38: 17 2 2 2 2 3 3 5 7 7 1 1 1 1 1 1 1 1
Case #39: 14 2 2 2 3 3 5 5 13 1 1 1 1 1 1
Case #40: 17 2 2 2 2 2 2 2 2 3 3 5 5 5 1 1 1 1
Case #41: -1
Case #42: 14 2 3 3 3 3 3 3 3 5 5 5 1 1 1
Case #43: 17 2 2 2 2 3 7 7 7 1 1 1 1 1 1 1 1 1
Case #44: 11 2 2 2 2 2 2 3 7 17 1 1
Case #45: 21 2 2 2 2 2 2 2 2 2 2 2 2 2 2 3 3 3 1 1 1 1
Case #46: 21 2 2 2 2 2 2 2 2 2 2 3 5 5 1 1 1 1 1 1 1 1
Case #47: -1
Case #48: 19 2 2 2 2 3 3 5 11 1 1 1 1 1 1 1 1 1 1 1
Case #49: 3 5 17 19
Case #50: -1
Case #51: 16 2 2 2 2 2 2 2 2 2 2 2 3 7 7 1 1
Case #52: 17 2 2 2 2 3 19 1 1 1 1 1 1 1 1 1 1 1
Case #53: 3 17 23 1
Case #54: -1
Case #55: 10 2 2 2 3 11 17 1 1 1 1
Case #56: 22 2 2 2 2 2 2 2 2 2 2 2 3 3 3 3 1 1 1 1 1 1 1
Case #57: 34 2 2 2 2 2 3 1 1 1 1 1 1 1 1 1 1 1 1 1 1 1 1 1 1 1 1 1 1 1 1 1 1 1 1
Case #58: 34 2 3 3 3 1 1 1 1 1 1 1 1 1 1 1 1 1 1 1 1 1 1 1 1 1 1 1 1 1 1 1 1 1 1
Case #59: -1
Case #60: 16 2 2 2 3 3 3 3 3 5 5 5 1 1 1 1 1
Case #61: 17 2 2 2 2 2 2 3 3 3 5 5 5 1 1 1 1 1
Case #62: 26 2 3 3 3 3 3 3 3 1 1 1 1 1 1 1 1 1 1 1 1 1 1 1 1 1 1
Case #63: 23 2 2 2 2 2 2 3 3 3 7 1 1 1 1 1 1 1 1 1 1 1 1 1
Case #64: 23 2 2 3 5 11 1 1 1 1 1 1 1 1 1 1 1 1 1 1 1 1 1 1
Case #65: 17 2 2 2 2 3 3 3 5 11 1 1 1 1 1 1 1 1
Case #66: -1
Case #67: -1
Case #68: 27 2 2 3 3 5 5 1 1 1 1 1 1 1 1 1 1 1 1 1 1 1 1 1 1 1 1 1
Case #69: 31 2 2 2 2 2 2 5 1 1 1 1 1 1 1 1 1 1 1 1 1 1 1 1 1 1 1 1 1 1 1 1
Case #70: 23 2 2 2 2 2 2 2 2 2 2 2 2 7 1 1 1 1 1 1 1 1 1 1
Case #71: 24 2 3 3 3 5 7 1 1 1 1 1 1 1 1 1 1 1 1 1 1 1 1 1 1
Case #72: 18 2 2 2 2 2 2 2 3 3 3 3 5 5 1 1 1 1 1
Case #73: 22 2 2 2 2 2 2 2 3 3 3 3 3 3 1 1 1 1 1 1 1 1 1
Case #74: 36 2 5 1 1 1 1 1 1 1 1 1 1 1 1 1 1 1 1 1 1 1 1 1 1 1 1 1 1 1 1 1 1 1 1 1 1
Case #75: 19 2 2 2 2 3 7 11 1 1 1 1 1 1 1 1 1 1 1 1
Case #76: 10 2 3 3 5 7 7 11 1 1 1
Case #77: 16 2 2 2 3 3 3 5 5 5 5 1 1 1 1 1 1
Case #78: -1
Case #79: 18 2 2 2 2 2 2 2 2 2 5 5 7 1 1 1 1 1 1
Case #80: 12 2 2 2 3 3 5 19 1 1 1 1 1
Case #81: 23 2 2 2 2 3 5 5 5 1 1 1 1 1 1 1 1 1 1 1 1 1 1 1
Case #82: 17 2 2 3 3 3 7 11 1 1 1 1 1 1 1 1 1 1
Case #83: 21 2 2 3 3 3 3 11 1 1 1 1 1 1 1 1 1 1 1 1 1 1
Case #84: -1
Case #85: 16 2 2 2 2 2 3 3 5 5 5 5 1 1 1 1 1
Case #86: 20 2 2 2 2 2 3 3 3 3 3 3 3 3 1 1 1 1 1 1 1
Case #87: 26 2 2 2 2 2 3 5 5 1 1 1 1 1 1 1 1 1 1 1 1 1 1 1 1 1 1
Case #88: 16 2 2 2 2 2 3 3 7 11 1 1 1 1 1 1 1
Case #89: 28 2 2 2 2 2 3 7 1 1 1 1 1 1 1 1 1 1 1 1 1 1 1 1 1 1 1 1 1
Case #90: 19 3 3 3 3 3 3 3 3 3 5 1 1 1 1 1 1 1 1 1
Case #91: -1
Case #92: 21 2 2 2 2 2 2 2 2 2 2 2 2 3 3 5 1 1 1 1 1 1
Case #93: 16 2 2 2 7 7 11 1 1 1 1 1 1 1 1 1 1
Case #94: 21 2 2 5 5 11 1 1 1 1 1 1 1 1 1 1 1 1 1 1 1 1
Case #95: 33 3 3 3 3 1 1 1 1 1 1 1 1 1 1 1 1 1 1 1 1 1 1 1 1 1 1 1 1 1 1 1 1 1
Case #96: 16 2 2 2 3 3 3 3 3 3 11 1 1 1 1 1 1
Case #97: 16 2 2 2 2 2 3 3 3 3 3 5 7 1 1 1 1
Case #98: 11 2 2 2 2 3 3 7 17 1 1 1
Case #99: -1
Case #100: 17 2 2 3 3 5 5 5 7 1 1 1 1 1 1 1 1 1
Case #101: 26 2 2 2 2 2 3 3 3 5 1 1 1 1 1 1 1 1 1 1 1 1 1 1 1 1 1
Case #102: 30 2 5 7 1 1 1 1 1 1 1 1 1 1 1 1 1 1 1 1 1 1 1 1 1 1 1 1 1 1 1
Case #103: 29 2 2 2 2 2 2 2 2 3 3 1 1 1 1 1 1 1 1 1 1 1 1 1 1 1 1 1 1 1
Case #104: 23 2 2 3 3 7 7 1 1 1 1 1 1 1 1 1 1 1 1 1 1 1 1 1
Case #105: 23 2 2 2 2 3 7 7 1 1 1 1 1 1 1 1 1 1 1 1 1 1 1 1
Case #106: 26 2 2 2 2 2 2 2 3 7 1 1 1 1 1 1 1 1 1 1 1 1 1 1 1 1 1
Case #107: 27 2 2 2 2 2 2 2 2 2 2 5 1 1 1 1 1 1 1 1 1 1 1 1 1 1 1 1
Case #108: 29 2 2 3 3 3 5 1 1 1 1 1 1 1 1 1 1 1 1 1 1 1 1 1 1 1 1 1 1 1
Case #109: 24 2 2 2 2 2 2 2 2 2 2 2 2 2 3 3 1 1 1 1 1 1 1 1 1
Case #110: 31 2 2 2 2 7 1 1 1 1 1 1 1 1 1 1 1 1 1 1 1 1 1 1 1 1 1 1 1 1 1 1
Case #111: 28 2 2 2 2 2 3 3 5 1 1 1 1 1 1 1 1 1 1 1 1 1 1 1 1 1 1 1 1
Case #112: 22 2 2 2 2 2 2 2 2 2 3 3 3 3 3 1 1 1 1 1 1 1 1
Case #113: 21 2 2 2 2 3 3 3 5 7 1 1 1 1 1 1 1 1 1 1 1 1
Case #114: 16 2 2 2 3 3 5 5 11 1 1 1 1 1 1 1 1
Case #115: 19 2 2 2 2 2 2 2 2 3 3 5 7 1 1 1 1 1 1 1
Case #116: -1
Case #117: 24 2 2 2 2 2 2 2 2 2 2 2 3 5 1 1 1 1 1 1 1 1 1 1 1
Case #118: 23 2 2 2 2 2 2 2 2 3 5 5 1 1 1 1 1 1 1 1 1 1 1 1
Case #119: 26 2 2 2 2 2 2 2 2 2 2 2 5 1 1 1 1 1 1 1 1 1 1 1 1 1 1
Case #120: 34 2 2 2 3 3 1 1 1 1 1 1 1 1 1 1 1 1 1 1 1 1 1 1 1 1 1 1 1 1 1 1 1 1 1
Case #121: 26 2 2 2 2 2 2 2 2 2 2 2 2 2 3 1 1 1 1 1 1 1 1 1 1 1 1
Case #122: 28 2 2 2 3 3 7 1 1 1 1 1 1 1 1 1 1 1 1 1 1 1 1 1 1 1 1 1 1
Case #123: 29 7 7 1 1 1 1 1 1 1 1 1 1 1 1 1 1 1 1 1 1 1 1 1 1 1 1 1 1 1
Case #124: 9 2 2 31 1 1 1 1 1 1
Case #125: -1
Case #126: 14 2 2 2 2 2 3 3 3 7 11 1 1 1 1
Case #127: 21 2 2 2 2 2 2 2 2 2 2 3 3 3 5 1 1 1 1 1 1 1
Case #128: -1
Case #129: 29 3 5 7 1 1 1 1 1 1 1 1 1 1 1 1 1 1 1 1 1 1 1 1 1 1 1 1 1 1
Case #130: 19 2 2 2 2 3 17 1 1 1 1 1 1 1 1 1 1 1 1 1
Case #131: -1
Case #132: 17 2 2 2 2 2 2 2 2 2 2 3 3 5 7 1 1 1
Case #133: 25 2 2 2 2 5 5 5 1 1 1 1 1 1 1 1 1 1 1 1 1 1 1 1 1 1
Case #134: 26 2 5 11 1 1 1 1 1 1 1 1 1 1 1 1 1 1 1 1 1 1 1 1 1 1 1
Case #135: 19 2 2 2 2 2 2 3 3 3 3 5 5 1 1 1 1 1 1 1
Case #136: 14 2 2 2 5 5 5 7 7 1 1 1 1 1 1
Case #137: 13 2 2 3 3 3 5 5 7 7 1 1 1 1
Case #138: 25 2 2 2 2 2 2 2 2 5 5 1 1 1 1 1 1 1 1 1 1 1 1 1 1 1
Case #139: 14 2 3 3 3 5 5 13 1 1 1 1 1 1 1
Case #140: 16 2 2 2 2 2 2 2 3 3 3 5 5 5 1 1 1
Case #141: 20 2 2 2 3 3 5 11 1 1 1 1 1 1 1 1 1 1 1 1 1
Case #142: -1
Case #143: 24 2 3 3 3 3 5 5 1 1 1 1 1 1 1 1 1 1 1 1 1 1 1 1 1
Case #144: 19 2 2 2 2 2 2 2 2 2 2 3 5 7 1 1 1 1 1 1
Case #145: 29 2 2 3 5 5 1 1 1 1 1 1 1 1 1 1 1 1 1 1 1 1 1 1 1 1 1 1 1 1
Case #146: -1
Case #147: 24 2 2 2 2 2 3 3 3 3 3 3 1 1 1 1 1 1 1 1 1 1 1 1 1
Case #148: 26 2 2 2 2 2 2 2 2 2 7 1 1 1 1 1 1 1 1 1 1 1 1 1 1 1 1
Case #149: 17 2 2 3 5 5 7 7 1 1 1 1 1 1 1 1 1 1
Case #150: 17 2 2 2 2 2 2 3 3 5 11 1 1 1 1 1 1 1
Case #151: 17 2 2 3 3 5 5 11 1 1 1 1 1 1 1 1 1 1
Case #152: 23 2 2 2 2 2 2 2 2 2 2 3 3 3 3 1 1 1 1 1 1 1 1 1
Case #153: 13 2 2 3 3 3 3 5 5 11 1 1 1 1
Case #154: 17 2 2 7 7 11 1 1 1 1 1 1 1 1 1 1 1 1
Case #155: 16 2 2 2 3 5 7 11 1 1 1 1 1 1 1 1 1
Case #156: 23 3 3 3 3 3 5 5 1 1 1 1 1 1 1 1 1 1 1 1 1 1 1 1
Case #157: 20 2 2 2 2 2 2 2 2 2 2 2 3 3 3 5 1 1 1 1 1
Case #158: -1
Case #159: 18 2 3 3 3 3 3 3 5 7 1 1 1 1 1 1 1 1 1
Case #160: -1
Case #161: 18 2 2 2 2 2 3 3 3 3 11 1 1 1 1 1 1 1 1
Case #162: 26 2 2 2 3 3 3 7 1 1 1 1 1 1 1 1 1 1 1 1 1 1 1 1 1 1 1
Case #163: -1
Case #164: -1
Case #165: 22 2 2 2 2 2 3 3 5 7 1 1 1 1 1 1 1 1 1 1 1 1 1
Case #166: 15 2 2 2 2 2 2 3 3 3 5 5 7 1 1 1
Case #167: 14 2 2 2 2 2 3 3 3 5 7 7 1 1 1
Case #168: 20 2 2 2 2 2 3 3 3 11 1 1 1 1 1 1 1 1 1 1 1
Case #169: 18 2 2 2 3 3 5 13 1 1 1 1 1 1 1 1 1 1 1
Case #170: 18 2 2 2 2 2 2 2 3 3 7 7 1 1 1 1 1 1 1
Case #171: 25 2 2 3 3 11 1 1 1 1 1 1 1 1 1 1 1 1 1 1 1 1 1 1 1 1
Case #172: 21 2 2 3 5 7 7 1 1 1 1 1 1 1 1 1 1 1 1 1 1 1
Case #173: -1
Case #174: 13 2 2 2 2 3 3 11 11 1 1 1 1 1
Case #175: 23 2 2 2 2 3 3 3 3 3 5 1 1 1 1 1 1 1 1 1 1 1 1 1
Case #176: 18 2 2 2 2 2 3 3 5 11 1 1 1 1 1 1 1 1 1
Case #177: -1
Case #178: 22 2 2 2 2 2 2 2 5 5 5 1 1 1 1 1 1 1 1 1 1 1 1
Case #179: 24 2 2 2 2 2 2 2 3 3 3 5 1 1 1 1 1 1 1 1 1 1 1 1 1
Case #180: 22 2 3 17 1 1 1 1 1 1 1 1 1 1 1 1 1 1 1 1 1 1 1
Case #181: 11 2 2 2 2 3 5 5 7 11 1 1
Case #182: 16 2 2 2 2 2 3 3 3 3 3 3 5 5 1 1 1
Case #183: 29 3 3 3 7 1 1 1 1 1 1 1 1 1 1 1 1 1 1 1 1 1 1 1 1 1 1 1 1 1
Case #184: 15 2 2 2 2 3 3 7 7 7 1 1 1 1 1 1
Case #185: 21 2 2 3 5 5 5 5 1 1 1 1 1 1 1 1 1 1 1 1 1 1
Case #186: 19 2 2 2 2 3 3 3 5 5 5 1 1 1 1 1 1 1 1 1
Case #187: -1
Case #188: 35 2 2 3 3 1 1 1 1 1 1 1 1 1 1 1 1 1 1 1 1 1 1 1 1 1 1 1 1 1 1 1 1 1 1 1
Case #189: 14 2 2 2 2 2 3 3 5 5 5 7 1 1 1
Case #190: 29 2 2 11 1 1 1 1 1 1 1 1 1 1 1 1 1 1 1 1 1 1 1 1 1 1 1 1 1 1
Case #191: 14 2 3 3 3 3 5 5 11 1 1 1 1 1 1
Case #192: 22 2 2 2 2 2 2 2 2 2 5 7 1 1 1 1 1 1 1 1 1 1 1
Case #193: 21 2 2 2 2 3 3 3 11 1 1 1 1 1 1 1 1 1 1 1 1 1
Case #194: 38 2 3 1 1 1 1 1 1 1 1 1 1 1 1 1 1 1 1 1 1 1 1 1 1 1 1 1 1 1 1 1 1 1 1 1 1 1 1
Case #195: 12 2 2 2 2 2 2 2 3 5 17 1 1
Case #196: 13 2 2 2 2 3 3 5 5 7 7 1 1 1
Case #197: 11 31 1 1 1 1 1 1 1 1 1 1
Case #198: 19 7 17 1 1 1 1 1 1 1 1 1 1 1 1 1 1 1 1 1
Case #199: 28 2 13 1 1 1 1 1 1 1 1 1 1 1 1 1 1 1 1 1 1 1 1 1 1 1 1 1 1
Case #200: 17 2 2 2 2 2 2 2 2 2 2 2 2 3 5 7 1 1
Case #201: -1
Case #202: 16 2 2 2 3 3 3 3 3 3 3 3 3 5 1 1 1
Case #203: 22 2 3 3 3 3 3 5 5 1 1 1 1 1 1 1 1 1 1 1 1 1 1
Case #204: 20 2 2 2 2 2 3 5 5 7 1 1 1 1 1 1 1 1 1 1 1
Case #205: -1
Case #206: 18 2 2 2 2 2 2 2 2 2 3 3 5 7 1 1 1 1 1
Case #207: 21 2 2 2 2 2 2 2 2 2 2 2 2 2 2 7 1 1 1 1 1 1
Case #208: 19 2 2 2 2 2 2 2 2 2 2 3 3 3 7 1 1 1 1 1
Case #209: 19 2 2 2 2 2 2 5 13 1 1 1 1 1 1 1 1 1 1 1
Case #210: 23 2 2 2 2 2 2 2 2 2 2 3 7 1 1 1 1 1 1 1 1 1 1 1
Case #211: 20 2 2 2 2 2 3 3 3 3 3 7 1 1 1 1 1 1 1 1 1
Case #212: 12 2 2 2 3 5 5 5 5 5 5 1 1
Case #213: 25 2 2 3 3 3 3 7 1 1 1 1 1 1 1 1 1 1 1 1 1 1 1 1 1 1
Case #214: 22 2 2 2 2 2 2 2 2 2 2 2 2 2 2 2 2 2 3 1 1 1 1
Case #215: 24 2 17 1 1 1 1 1 1 1 1 1 1 1 1 1 1 1 1 1 1 1 1 1 1
Case #216: 26 2 2 2 2 2 3 3 3 3 3 1 1 1 1 1 1 1 1 1 1 1 1 1 1 1 1
Case #217: 30 2 3 3 7 1 1 1 1 1 1 1 1 1 1 1 1 1 1 1 1 1 1 1 1 1 1 1 1 1 1
Case #218: 18 2 2 2 2 2 2 2 2 2 3 3 3 3 3 5 1 1 1
Case #219: 13 2 2 2 2 2 2 3 11 11 1 1 1 1
Case #220: 18 2 2 2 2 2 2 2 2 2 2 2 2 2 3 5 5 1 1
Case #221: 35 2 2 2 2 3 1 1 1 1 1 1 1 1 1 1 1 1 1 1 1 1 1 1 1 1 1 1 1 1 1 1 1 1 1 1
Case #222: 15 2 2 2 2 7 7 11 1 1 1 1 1 1 1 1
Case #223: 15 2 2 3 3 3 3 3 3 7 7 1 1 1 1 1
Case #224: -1
Case #225: 18 2 2 2 2 2 3 3 3 5 5 5 1 1 1 1 1 1 1
Case #226: 17 2 2 3 5 5 13 1 1 1 1 1 1 1 1 1 1 1
Case #227: 17 2 2 3 3 7 7 7 1 1 1 1 1 1 1 1 1 1
Case #228: 20 2 2 2 2 2 3 3 3 3 3 3 5 1 1 1 1 1 1 1 1
Case #229: 18 2 2 2 5 5 13 1 1 1 1 1 1 1 1 1 1 1 1
Case #230: 10 2 3 3 5 23 1 1 1 1 1
Case #231: 8 2 2 2 3 11 19 1 1
Case #232: -1
Case #233: -1
Case #234: 27 2 2 2 2 2 2 5 5 1 1 1 1 1 1 1 1 1 1 1 1 1 1 1 1 1 1 1
Case #235: 23 2 2 2 2 2 2 3 3 5 5 1 1 1 1 1 1 1 1 1 1 1 1 1
Case #236: 18 2 2 2 2 2 2 2 3 3 3 3 3 3 5 1 1 1 1
Case #237: -1
Case #238: 17 2 2 2 2 3 3 3 3 3 3 3 3 5 1 1 1 1
Case #239: 21 2 2 2 2 3 3 3 3 3 3 5 1 1 1 1 1 1 1 1 1 1
Case #240: 31 2 2 2 2 2 2 2 2 3 1 1 1 1 1 1 1 1 1 1 1 1 1 1 1 1 1 1 1 1 1 1
Case #241: 27 2 2 2 2 2 2 2 2 2 2 3 3 1 1 1 1 1 1 1 1 1 1 1 1 1 1 1
Case #242: 16 2 2 2 2 2 3 3 3 3 13 1 1 1 1 1 1
Case #243: 16 2 2 2 2 2 3 3 3 5 5 7 1 1 1 1 1
Case #244: 23 2 2 2 2 3 3 5 7 1 1 1 1 1 1 1 1 1 1 1 1 1 1 1
Case #245: -1
Case #246: 20 2 3 3 3 3 3 3 3 3 5 1 1 1 1 1 1 1 1 1 1
Case #247: 31 2 2 3 3 5 1 1 1 1 1 1 1 1 1 1 1 1 1 1 1 1 1 1 1 1 1 1 1 1 1 1
Case #248: 18 2 3 3 3 7 11 1 1 1 1 1 1 1 1 1 1 1 1
Case #249: 12 2 3 3 3 3 3 3 5 13 1 1 1
Case #250: 9 2 2 2 2 3 11 17 1 1
Case #251: -1
Case #252: 18 2 2 2 3 3 3 3 3 3 3 3 5 1 1 1 1 1 1
Case #253: 15 2 2 2 2 2 2 3 3 5 13 1 1 1 1 1
Case #254: 22 2 2 2 2 2 3 3 3 3 3 3 3 1 1 1 1 1 1 1 1 1 1
Case #255: 21 2 2 2 2 2 2 2 2 3 3 5 5 1 1 1 1 1 1 1 1 1
Case #256: 20 2 2 2 3 3 3 5 5 5 1 1 1 1 1 1 1 1 1 1 1
Case #257: 37 2 2 2 2 1 1 1 1 1 1 1 1 1 1 1 1 1 1 1 1 1 1 1 1 1 1 1 1 1 1 1 1 1 1 1 1 1
Case #258: 13 29 1 1 1 1 1 1 1 1 1 1 1 1
Case #259: 11 2 2 2 2 3 3 11 13 1 1 1
Case #260: -1
Case #261: 21 3 3 3 3 3 3 3 3 5 1 1 1 1 1 1 1 1 1 1 1 1
Case #262: 20 2 2 2 2 2 3 3 7 7 1 1 1 1 1 1 1 1 1 1 1
Case #263: -1
Case #264: 14 2 2 2 3 3 3 3 5 5 5 5 1 1 1
Case #265: 17 2 2 2 2 3 3 3 5 5 7 1 1 1 1 1 1 1
Case #266: -1
Case #267: -1
Case #268: 18 2 2 2 2 2 3 17 1 1 1 1 1 1 1 1 1 1 1
Case #269: 18 2 2 2 2 2 5 5 5 7 1 1 1 1 1 1 1 1 1
Case #270: 18 2 2 2 3 3 3 5 5 7 1 1 1 1 1 1 1 1 1
Case #271: 19 2 2 3 3 5 5 5 5 1 1 1 1 1 1 1 1 1 1 1
Case #272: 21 2 2 2 2 3 3 3 3 3 7 1 1 1 1 1 1 1 1 1 1 1
Case #273: 11 2 2 2 2 3 5 5 5 13 1 1
Case #274: 16 2 2 2 2 2 2 2 3 5 7 7 1 1 1 1 1
Case #275: 40 2 1 1 1 1 1 1 1 1 1 1 1 1 1 1 1 1 1 1 1 1 1 1 1 1 1 1 1 1 1 1 1 1 1 1 1 1 1 1 1
Case #276: -1
Case #277: 17 2 2 2 2 2 2 3 17 1 1 1 1 1 1 1 1 1
Case #278: 6 2 17 19 1 1 1
Case #279: -1
Case #280: 16 2 2 2 2 2 3 3 3 3 3 11 1 1 1 1 1
Case #281: 15 2 2 2 2 2 2 2 2 3 3 5 11 1 1 1
Case #282: 18 2 2 2 2 2 2 2 2 2 2 2 5 5 5 1 1 1 1
Case #283: -1
Case #284: -1
Case #285: 21 2 2 2 2 2 2 2 2 5 5 5 1 1 1 1 1 1 1 1 1 1
Case #286: 13 2 2 2 2 3 3 3 19 1 1 1 1 1
Case #287: 16 2 2 2 2 2 3 3 17 1 1 1 1 1 1 1 1
Case #288: 19 2 2 2 2 2 2 3 5 11 1 1 1 1 1 1 1 1 1 1
Case #289: 20 2 3 3 7 11 1 1 1 1 1 1 1 1 1 1 1 1 1 1 1
Case #290: 20 2 3 7 13 1 1 1 1 1 1 1 1 1 1 1 1 1 1 1 1
Case #291: 16 2 3 5 5 5 11 1 1 1 1 1 1 1 1 1 1
Case #292: -1
Case #293: 24 2 2 2 2 2 2 2 2 2 2 2 7 1 1 1 1 1 1 1 1 1 1 1 1
Case #294: -1
Case #295: 33 5 5 1 1 1 1 1 1 1 1 1 1 1 1 1 1 1 1 1 1 1 1 1 1 1 1 1 1 1 1 1 1 1
Case #296: 19 2 2 3 3 3 5 11 1 1 1 1 1 1 1 1 1 1 1 1
Case #297: 16 2 2 2 2 2 2 2 3 3 3 7 7 1 1 1 1
Case #298: 20 2 5 17 1 1 1 1 1 1 1 1 1 1 1 1 1 1 1 1 1
Case #299: 18 2 2 2 2 2 2 2 2 2 3 3 11 1 1 1 1 1 1
Case #300: -1
Case #301: 12 2 3 3 5 5 5 5 5 5 1 1 1
Case #302: 26 2 2 2 3 3 3 3 5 1 1 1 1 1 1 1 1 1 1 1 1 1 1 1 1 1 1
Case #303: 19 2 2 2 2 3 3 3 3 3 3 7 1 1 1 1 1 1 1 1
Case #304: 37 5 1 1 1 1 1 1 1 1 1 1 1 1 1 1 1 1 1 1 1 1 1 1 1 1 1 1 1 1 1 1 1 1 1 1 1 1
Case #305: 19 2 2 2 2 2 2 2 2 3 3 3 5 5 1 1 1 1 1 1
Case #306: 20 2 2 2 2 2 2 2 2 2 3 3 3 7 1 1 1 1 1 1 1
Case #307: 27 2 2 2 2 3 3 3 5 1 1 1 1 1 1 1 1 1 1 1 1 1 1 1 1 1 1 1
Case #308: 10 2 3 3 3 5 11 11 1 1 1
Case #309: 21 2 2 2 2 2 2 3 5 5 5 1 1 1 1 1 1 1 1 1 1 1
Case #310: 25 2 2 2 2 2 2 3 3 3 5 1 1 1 1 1 1 1 1 1 1 1 1 1 1 1
Case #311: -1
Case #312: 17 2 2 2 2 3 5 5 5 7 1 1 1 1 1 1 1 1
Case #313: 19 2 2 2 2 2 2 2 2 2 2 3 3 5 5 1 1 1 1 1
Case #314: 18 2 2 2 2 2 3 3 3 3 5 7 1 1 1 1 1 1 1
Case #315: -1
Case #316: 17 2 2 2 2 2 2 2 2 3 3 3 11 1 1 1 1 1
Case #317: 18 2 2 2 2 2 3 3 3 7 7 1 1 1 1 1 1 1 1
Case #318: 13 2 2 3 3 5 7 7 7 1 1 1 1 1
Case #319: 23 2 2 3 3 13 1 1 1 1 1 1 1 1 1 1 1 1 1 1 1 1 1 1
Case #320: 18 2 2 2 3 3 3 3 5 5 5 1 1 1 1 1 1 1 1
Case #321: -1
Case #322: 39 3 1 1 1 1 1 1 1 1 1 1 1 1 1 1 1 1 1 1 1 1 1 1 1 1 1 1 1 1 1 1 1 1 1 1 1 1 1 1
Case #323: 14 2 2 2 3 3 3 7 13 1 1 1 1 1 1
Case #324: 17 2 2 23 1 1 1 1 1 1 1 1 1 1 1 1 1 1
Case #325: 22 2 2 2 2 2 3 3 11 1 1 1 1 1 1 1 1 1 1 1 1 1 1
Case #326: 19 2 2 2 2 3 3 5 5 7 1 1 1 1 1 1 1 1 1 1
Case #327: 14 2 2 2 2 2 3 3 5 5 11 1 1 1 1
Case #328: 15 2 2 2 2 3 5 5 7 7 1 1 1 1 1 1
Case #329: 17 3 23 1 1 1 1 1 1 1 1 1 1 1 1 1 1 1
Case #330: 19 2 2 2 2 2 2 2 2 2 2 3 3 3 3 5 1 1 1 1
Case #331: 19 2 2 2 2 2 2 2 2 2 2 2 2 3 3 3 5 1 1 1
Case #332: 28 2 2 2 2 2 2 2 2 2 2 2 3 1 1 1 1 1 1 1 1 1 1 1 1 1 1 1 1
Case #333: 15 2 2 3 3 3 5 5 5 7 1 1 1 1 1 1
Case #334: -1
Case #335: 24 2 2 2 3 5 5 5 1 1 1 1 1 1 1 1 1 1 1 1 1 1 1 1 1
Case #336: 18 2 2 2 2 2 3 3 5 5 7 1 1 1 1 1 1 1 1
Case #337: -1
Case #338: 37 3 3 1 1 1 1 1 1 1 1 1 1 1 1 1 1 1 1 1 1 1 1 1 1 1 1 1 1 1 1 1 1 1 1 1 1 1
Case #339: 20 2 2 2 5 5 11 1 1 1 1 1 1 1 1 1 1 1 1 1 1
Case #340: -1
Case #341: -1
Case #342: 13 2 2 2 2 3 3 5 17 1 1 1 1 1
Case #343: 20 2 2 2 2 2 2 2 5 11 1 1 1 1 1 1 1 1 1 1 1
Case #344: 25 2 2 2 2 2 2 2 2 3 3 3 3 1 1 1 1 1 1 1 1 1 1 1 1 1
Case #345: 33 2 2 2 2 5 1 1 1 1 1 1 1 1 1 1 1 1 1 1 1 1 1 1 1 1 1 1 1 1 1 1 1 1
Case #346: 24 2 2 2 3 3 5 7 1 1 1 1 1 1 1 1 1 1 1 1 1 1 1 1 1
Case #347: 18 2 23 1 1 1 1 1 1 1 1 1 1 1 1 1 1 1 1
Case #348: 15 2 2 2 2 2 2 2 2 2 2 3 5 11 1 1
Case #349: 25 3 3 3 3 5 5 1 1 1 1 1 1 1 1 1 1 1 1 1 1 1 1 1 1 1
Case #350: 20 2 2 2 2 2 2 2 2 2 2 2 3 3 7 1 1 1 1 1 1
Case #351: 21 5 17 1 1 1 1 1 1 1 1 1 1 1 1 1 1 1 1 1 1 1
Case #352: 12 2 2 2 2 2 3 5 5 5 11 1 1
Case #353: 22 2 2 2 2 2 2 2 2 2 3 5 5 1 1 1 1 1 1 1 1 1 1
Case #354: -1
Case #355: 16 2 3 3 3 7 13 1 1 1 1 1 1 1 1 1 1
Case #356: -1
Case #357: 15 2 2 2 2 2 2 2 2 3 17 1 1 1 1 1
Case #358: 17 2 2 2 2 2 2 3 3 3 3 11 1 1 1 1 1 1
Case #359: 31 11 1 1 1 1 1 1 1 1 1 1 1 1 1 1 1 1 1 1 1 1 1 1 1 1 1 1 1 1 1 1
Case #360: -1
Case #361: 12 2 29 1 1 1 1 1 1 1 1 1 1
Case #362: 15 2 2 2 2 2 2 2 2 3 7 11 1 1 1 1
Case #363: 20 2 2 2 2 2 2 2 3 3 3 3 7 1 1 1 1 1 1 1 1
Case #364: 24 2 2 2 2 2 2 2 2 2 2 2 3 3 3 1 1 1 1 1 1 1 1 1 1
Case #365: 24 2 2 2 2 2 2 2 2 2 5 5 1 1 1 1 1 1 1 1 1 1 1 1 1
Case #366: -1
Case #367: 16 2 3 3 5 7 11 1 1 1 1 1 1 1 1 1 1
Case #368: 18 2 2 2 3 3 3 3 3 3 3 3 3 3 1 1 1 1 1
Case #369: -1
Case #370: -1
Case #371: 18 2 2 2 3 3 3 3 3 3 5 5 1 1 1 1 1 1 1
Case #372: 19 2 2 2 2 2 2 2 2 3 5 5 5 1 1 1 1 1 1 1
Case #373: 22 2 2 2 3 3 5 5 5 1 1 1 1 1 1 1 1 1 1 1 1 1 1
Case #374: 19 2 2 2 2 2 2 2 2 2 2 3 11 1 1 1 1 1 1 1
Case #375: 15 2 2 2 2 2 2 3 3 3 5 11 1 1 1 1
Case #376: 19 23 1 1 1 1 1 1 1 1 1 1 1 1 1 1 1 1 1 1
Case #377: 31 2 2 3 7 1 1 1 1 1 1 1 1 1 1 1 1 1 1 1 1 1 1 1 1 1 1 1 1 1 1 1
Case #378: 11 3 29 1 1 1 1 1 1 1 1 1
Case #379: -1
Case #380: 20 2 2 2 2 2 2 2 2 2 2 2 2 2 2 2 3 5 1 1 1
Case #381: 33 3 3 5 1 1 1 1 1 1 1 1 1 1 1 1 1 1 1 1 1 1 1 1 1 1 1 1 1 1 1 1 1 1
Case #382: -1
Case #383: 19 2 2 2 2 3 3 3 3 3 3 3 3 3 1 1 1 1 1 1
Case #384: -1
Case #385: 10 2 3 3 3 3 5 19 1 1 1
Case #386: 30 2 2 2 2 2 3 3 3 1 1 1 1 1 1 1 1 1 1 1 1 1 1 1 1 1 1 1 1 1 1
Case #387: 31 3 5 5 1 1 1 1 1 1 1 1 1 1 1 1 1 1 1 1 1 1 1 1 1 1 1 1 1 1 1 1
Case #388: 16 2 2 2 5 5 5 11 1 1 1 1 1 1 1 1 1
Case #389: 22 2 2 2 3 3 3 5 7 1 1 1 1 1 1 1 1 1 1 1 1 1 1
Case #390: 22 2 2 2 2 2 2 2 3 3 3 7 1 1 1 1 1 1 1 1 1 1 1
Case #391: 14 2 2 2 3 3 3 3 3 5 5 7 1 1 1
Case #392: -1
Case #393: 17 2 2 3 3 3 5 7 7 1 1 1 1 1 1 1 1 1
Case #394: 15 2 2 2 2 2 2 2 2 5 5 11 1 1 1 1
Case #395: 17 2 2 2 2 3 3 3 3 7 7 1 1 1 1 1 1 1
Case #396: -1
Case #397: 21 2 2 2 2 2 2 2 2 3 3 3 3 5 1 1 1 1 1 1 1 1
Case #398: 25 17 1 1 1 1 1 1 1 1 1 1 1 1 1 1 1 1 1 1 1 1 1 1 1 1
Case #399: 17 2 2 2 2 3 3 3 3 3 5 7 1 1 1 1 1 1
Case #400: 27 3 3 3 3 7 1 1 1 1 1 1 1 1 1 1 1 1 1 1 1 1 1 1 1 1 1 1
Case #401: 26 2 2 2 2 2 2 2 3 3 3 3 1 1 1 1 1 1 1 1 1 1 1 1 1 1 1
Case #402: 22 2 2 2 5 5 5 5 1 1 1 1 1 1 1 1 1 1 1 1 1 1 1
Case #403: 28 2 2 2 2 2 3 3 3 3 1 1 1 1 1 1 1 1 1 1 1 1 1 1 1 1 1 1 1
Case #404: 4 2 37 1 1
Case #405: 23 2 2 2 2 2 2 2 2 2 2 3 3 5 1 1 1 1 1 1 1 1 1 1
Case #406: 17 2 2 2 2 2 2 3 3 3 3 5 7 1 1 1 1 1
Case #407: 25 2 2 2 2 2 2 2 2 3 7 1 1 1 1 1 1 1 1 1 1 1 1 1 1 1
Case #408: 17 2 2 2 2 2 2 3 5 7 7 1 1 1 1 1 1 1
Case #409: 18 2 2 2 2 2 3 3 3 3 3 3 3 5 1 1 1 1 1
Case #410: 22 2 2 2 2 2 2 2 2 2 3 3 3 5 1 1 1 1 1 1 1 1 1
Case #411: 23 2 2 17 1 1 1 1 1 1 1 1 1 1 1 1 1 1 1 1 1 1 1 1
Case #412: 17 2 2 3 3 3 3 5 5 7 1 1 1 1 1 1 1 1
Case #413: 20 2 3 3 5 7 7 1 1 1 1 1 1 1 1 1 1 1 1 1 1
Case #414: 20 2 2 2 2 2 2 2 3 3 3 3 3 5 1 1 1 1 1 1 1
Case #415: 20 2 2 2 2 2 3 5 11 1 1 1 1 1 1 1 1 1 1 1 1
Case #416: 19 2 2 3 3 3 3 7 7 1 1 1 1 1 1 1 1 1 1 1
Case #417: -1
Case #418: 13 7 11 13 1 1 1 1 1 1 1 1 1 1
Case #419: 29 2 2 2 2 2 2 7 1 1 1 1 1 1 1 1 1 1 1 1 1 1 1 1 1 1 1 1 1 1
Case #420: -1
Case #421: 24 2 2 2 2 2 2 2 2 2 3 3 3 3 1 1 1 1 1 1 1 1 1 1 1
Case #422: -1
Case #423: 13 2 2 3 3 3 5 17 1 1 1 1 1 1
Case #424: 20 2 2 2 2 2 2 2 2 2 3 3 3 3 5 1 1 1 1 1 1
Case #425: 16 2 2 2 3 3 7 13 1 1 1 1 1 1 1 1 1
Case #426: 16 2 3 3 3 3 5 5 5 5 1 1 1 1 1 1 1
Case #427: 21 2 2 2 2 2 2 2 2 2 2 3 3 3 3 3 1 1 1 1 1 1
Case #428: 16 2 2 2 2 2 2 2 2 2 3 3 7 7 1 1 1
Case #429: -1
Case #430: -1
Case #431: 22 2 2 2 3 3 3 11 1 1 1 1 1 1 1 1 1 1 1 1 1 1 1
Case #432: 10 2 3 3 5 5 19 1 1 1 1
Case #433: 17 2 2 2 2 2 2 3 3 5 5 7 1 1 1 1 1 1
Case #434: 18 2 3 3 3 5 13 1 1 1 1 1 1 1 1 1 1 1 1
Case #435: 30 2 2 2 2 2 7 1 1 1 1 1 1 1 1 1 1 1 1 1 1 1 1 1 1 1 1 1 1 1 1
Case #436: 3 3 37 1
Case #437: -1
Case #438: 14 2 2 2 2 2 2 2 3 3 7 11 1 1 1
Case #439: 25 2 2 2 2 3 3 5 5 1 1 1 1 1 1 1 1 1 1 1 1 1 1 1 1 1
Case #440: -1
Case #441: 22 2 2 2 2 2 2 2 2 2 2 2 2 2 7 1 1 1 1 1 1 1 1
Case #442: 11 2 2 2 2 2 2 3 5 19 1 1
Case #443: 16 2 2 2 2 2 3 3 5 13 1 1 1 1 1 1 1
Case #444: 14 2 2 2 3 3 3 3 17 1 1 1 1 1 1
Case #445: 20 2 2 2 2 2 3 3 3 5 7 1 1 1 1 1 1 1 1 1 1
Case #446: 13 2 2 3 3 3 3 7 13 1 1 1 1 1
Case #447: -1
Case #448: 20 2 2 2 3 3 3 3 5 7 1 1 1 1 1 1 1 1 1 1 1
Case #449: -1
Case #450: 16 2 2 2 2 2 3 3 3 3 7 7 1 1 1 1 1
Case #451: 16 2 2 2 2 2 3 19 1 1 1 1 1 1 1 1 1
Case #452: 23 2 2 2 2 2 2 2 2 2 2 5 5 1 1 1 1 1 1 1 1 1 1 1
Case #453: 32 2 2 2 3 3 3 1 1 1 1 1 1 1 1 1 1 1 1 1 1 1 1 1 1 1 1 1 1 1 1 1 1
Case #454: 16 2 2 2 2 2 2 2 3 3 5 11 1 1 1 1 1
Case #455: 32 2 2 2 3 5 1 1 1 1 1 1 1 1 1 1 1 1 1 1 1 1 1 1 1 1 1 1 1 1 1 1 1
Case #456: 35 7 1 1 1 1 1 1 1 1 1 1 1 1 1 1 1 1 1 1 1 1 1 1 1 1 1 1 1 1 1 1 1 1 1 1
Case #457: 29 2 2 2 2 2 2 2 2 2 2 3 1 1 1 1 1 1 1 1 1 1 1 1 1 1 1 1 1 1
Case #458: 14 2 2 2 2 2 3 3 3 3 5 11 1 1 1
Case #459: 17 2 2 2 2 5 5 13 1 1 1 1 1 1 1 1 1 1
Case #460: 17 2 2 3 3 3 3 3 3 11 1 1 1 1 1 1 1 1
Case #461: 14 2 2 2 2 2 3 3 3 5 13 1 1 1 1
Case #462: 12 2 3 3 5 5 5 13 1 1 1 1 1
Case #463: 25 2 2 5 5 7 1 1 1 1 1 1 1 1 1 1 1 1 1 1 1 1 1 1 1 1
Case #464: 22 2 2 2 3 3 7 7 1 1 1 1 1 1 1 1 1 1 1 1 1 1 1
Case #465: 29 5 5 5 1 1 1 1 1 1 1 1 1 1 1 1 1 1 1 1 1 1 1 1 1 1 1 1 1 1
Case #466: 20 2 3 3 3 3 3 11 1 1 1 1 1 1 1 1 1 1 1 1 1
Case #467: -1
Case #468: 20 2 2 2 2 2 2 2 2 2 2 2 2 2 3 7 1 1 1 1 1
Case #469: 17 2 2 2 2 2 2 7 7 7 1 1 1 1 1 1 1 1
Case #470: 12 2 2 2 2 2 3 5 7 7 7 1 1
Case #471: 14 2 2 2 3 3 3 3 5 13 1 1 1 1 1
Case #472: 26 2 2 2 2 2 3 3 7 1 1 1 1 1 1 1 1 1 1 1 1 1 1 1 1 1 1
Case #473: 38 2 2 2 1 1 1 1 1 1 1 1 1 1 1 1 1 1 1 1 1 1 1 1 1 1 1 1 1 1 1 1 1 1 1 1 1 1 1
Case #474: -1
Case #475: 16 2 2 2 3 3 3 3 3 7 7 1 1 1 1 1 1
Case #476: -1
Case #477: 16 2 2 2 2 2 2 2 3 3 3 13 1 1 1 1 1
Case #478: 15 2 2 2 2 3 3 3 5 7 7 1 1 1 1 1
Case #479: 24 2 2 2 3 3 3 3 7 1 1 1 1 1 1 1 1 1 1 1 1 1 1 1 1
Case #480: 9 3 31 1 1 1 1 1 1 1
Case #481: 12 2 3 3 3 3 3 5 5 11 1 1 1
Case #482: -1
Case #483: 25 2 2 3 3 5 7 1 1 1 1 1 1 1 1 1 1 1 1 1 1 1 1 1 1 1
Case #484: 13 2 2 3 3 3 5 7 11 1 1 1 1 1
Case #485: 23 2 2 2 2 2 2 3 3 3 3 5 1 1 1 1 1 1 1 1 1 1 1 1
Case #486: 12 2 2 2 3 3 3 5 5 13 1 1 1
Case #487: 16 2 2 2 2 2 2 2 2 2 3 5 5 7 1 1 1
Case #488: 23 2 2 2 2 3 3 3 5 5 1 1 1 1 1 1 1 1 1 1 1 1 1 1
Case #489: 28 2 3 3 3 3 5 1 1 1 1 1 1 1 1 1 1 1 1 1 1 1 1 1 1 1 1 1 1
Case #490: 21 2 2 2 2 2 2 2 2 2 2 2 2 2 2 2 2 2 2 2 2 1
Case #491: -1
Case #492: 19 2 2 2 2 2 2 3 3 3 5 7 1 1 1 1 1 1 1 1
Case #493: 14 2 2 2 2 2 3 5 5 13 1 1 1 1 1
Case #494: 27 2 2 2 2 2 2 3 3 3 3 1 1 1 1 1 1 1 1 1 1 1 1 1 1 1 1 1
Case #495: -1
Case #496: 20 2 2 2 2 2 2 2 2 2 3 5 7 1 1 1 1 1 1 1 1
Case #497: 17 2 2 2 2 3 3 3 3 3 3 5 5 1 1 1 1 1
Case #498: 17 2 2 2 2 3 3 3 3 3 11 1 1 1 1 1 1 1
Case #499: 25 2 2 2 2 2 2 3 3 7 1 1 1 1 1 1 1 1 1 1 1 1 1 1 1 1
Case #500: 21 2 2 3 3 3 3 3 5 5 1 1 1 1 1 1 1 1 1 1 1 1
Case #501: 25 3 3 13 1 1 1 1 1 1 1 1 1 1 1 1 1 1 1 1 1 1 1 1 1 1
Case #502: 24 2 2 2 3 3 3 5 5 1 1 1 1 1 1 1 1 1 1 1 1 1 1 1 1
Case #503: 23 2 2 3 3 3 3 3 7 1 1 1 1 1 1 1 1 1 1 1 1 1 1 1
Case #504: 26 2 3 13 1 1 1 1 1 1 1 1 1 1 1 1 1 1 1 1 1 1 1 1 1 1 1
Case #505: 16 2 3 5 7 13 1 1 1 1 1 1 1 1 1 1 1
Case #506: -1
Case #507: 13 2 2 3 3 5 7 13 1 1 1 1 1 1
Case #508: -1
Case #509: 17 2 2 2 2 5 5 5 5 5 1 1 1 1 1 1 1 1
Case #510: 18 2 3 3 3 5 7 7 1 1 1 1 1 1 1 1 1 1 1
Case #511: 19 2 2 2 2 2 2 2 2 3 3 3 3 7 1 1 1 1 1 1
Case #512: -1
Case #513: 20 2 3 5 5 5 7 1 1 1 1 1 1 1 1 1 1 1 1 1 1
Case #514: 13 2 2 5 5 7 7 7 1 1 1 1 1 1
Case #515: 19 5 19 1 1 1 1 1 1 1 1 1 1 1 1 1 1 1 1 1
Case #516: 13 2 2 2 2 2 2 3 5 5 7 7 1 1
Case #517: 5 19 19 1 1 1
Case #518: 10 2 3 3 5 11 13 1 1 1 1
Case #519: 16 2 2 2 3 3 3 3 3 3 5 7 1 1 1 1 1
Case #520: 14 2 2 2 2 2 5 7 13 1 1 1 1 1 1
Case #521: 25 2 2 3 3 3 3 3 3 3 1 1 1 1 1 1 1 1 1 1 1 1 1 1 1 1
Case #522: 10 2 2 2 3 7 11 11 1 1 1
Case #523: 22 2 2 2 2 2 2 2 3 3 5 5 1 1 1 1 1 1 1 1 1 1 1
Case #524: 12 2 2 2 2 2 3 3 11 11 1 1 1
Case #525: 13 2 2 5 5 7 13 1 1 1 1 1 1 1
Case #526: 16 2 2 2 2 2 3 3 5 7 7 1 1 1 1 1 1
Case #527: -1
Case #528: 18 2 3 3 3 5 5 5 5 1 1 1 1 1 1 1 1 1 1
Case #529: 17 2 2 3 3 3 3 3 3 5 7 1 1 1 1 1 1 1
Case #530: 20 2 2 2 2 2 3 3 3 3 5 5 1 1 1 1 1 1 1 1 1
Case #531: 19 2 2 2 2 2 2 2 2 2 2 5 5 5 1 1 1 1 1 1
Case #532: 21 2 2 2 2 2 2 2 2 2 2 2 2 2 2 3 5 1 1 1 1 1
Case #533: 28 2 2 2 2 2 2 2 2 2 5 1 1 1 1 1 1 1 1 1 1 1 1 1 1 1 1 1 1
Case #534: 22 2 2 2 2 2 2 2 2 2 2 2 2 2 3 5 1 1 1 1 1 1 1
Case #535: 18 2 2 2 3 3 3 3 13 1 1 1 1 1 1 1 1 1 1
Case #536: 31 3 3 7 1 1 1 1 1 1 1 1 1 1 1 1 1 1 1 1 1 1 1 1 1 1 1 1 1 1 1 1
Case #537: 18 2 2 2 5 5 7 7 1 1 1 1 1 1 1 1 1 1 1
Case #538: 18 2 2 2 2 2 2 2 2 2 2 2 3 3 5 5 1 1 1
Case #539: 23 2 2 2 2 2 2 2 2 2 2 2 2 3 3 3 1 1 1 1 1 1 1 1
Case #540: -1
Case #541: 23 2 2 2 2 2 2 5 5 5 1 1 1 1 1 1 1 1 1 1 1 1 1 1
Case #542: -1
Case #543: 20 2 2 2 3 3 3 3 3 3 7 1 1 1 1 1 1 1 1 1 1
Case #544: 10 2 2 2 3 5 5 7 13 1 1
Case #545: 21 2 2 2 2 3 3 3 3 3 3 3 3 1 1 1 1 1 1 1 1 1
Case #546: 23 2 2 2 2 2 2 2 2 3 3 3 3 3 1 1 1 1 1 1 1 1 1 1
Case #547: 14 2 3 3 5 5 5 5 7 1 1 1 1 1 1
Case #548: 24 2 2 2 2 2 5 5 5 1 1 1 1 1 1 1 1 1 1 1 1 1 1 1 1
Case #549: 22 2 2 2 5 7 7 1 1 1 1 1 1 1 1 1 1 1 1 1 1 1 1
Case #550: -1
Case #551: 18 2 2 2 3 3 3 3 7 7 1 1 1 1 1 1 1 1 1
Case #552: 14 2 2 2 2 2 3 5 5 5 5 5 1 1 1
Case #553: 22 2 2 2 2 2 3 3 3 5 5 1 1 1 1 1 1 1 1 1 1 1 1
Case #554: 19 2 2 3 3 3 3 3 5 7 1 1 1 1 1 1 1 1 1 1
Case #555: 30 2 2 2 2 2 2 2 5 1 1 1 1 1 1 1 1 1 1 1 1 1 1 1 1 1 1 1 1 1 1
Case #556: 20 2 2 2 3 7 11 1 1 1 1 1 1 1 1 1 1 1 1 1 1
Case #557: 32 2 2 2 2 2 3 3 1 1 1 1 1 1 1 1 1 1 1 1 1 1 1 1 1 1 1 1 1 1 1 1 1
Case #558: 14 2 2 2 3 3 3 3 7 11 1 1 1 1 1
Case #559: 11 2 2 2 2 2 2 3 11 13 1 1
Case #560: 24 2 2 2 2 2 2 2 2 2 3 3 5 1 1 1 1 1 1 1 1 1 1 1 1
Case #561: 33 3 7 1 1 1 1 1 1 1 1 1 1 1 1 1 1 1 1 1 1 1 1 1 1 1 1 1 1 1 1 1 1 1
Case #562: -1
Case #563: -1
Case #564: 17 2 2 2 2 2 2 3 5 5 5 5 1 1 1 1 1 1
Case #565: -1
Case #566: -1
Case #567: 21 2 2 3 3 5 5 7 1 1 1 1 1 1 1 1 1 1 1 1 1 1
Case #568: 15 2 2 2 2 2 2 3 5 5 11 1 1 1 1 1
Case #569: 20 2 2 2 2 2 2 2 3 3 11 1 1 1 1 1 1 1 1 1 1
Case #570: 20 2 2 2 2 2 2 2 3 3 3 5 5 1 1 1 1 1 1 1 1
Case #571: -1
Case #572: 10 2 31 1 1 1 1 1 1 1 1
Case #573: 22 2 2 2 2 2 2 2 2 2 2 2 2 2 3 3 3 1 1 1 1 1 1
Case #574: 14 2 2 2 3 3 3 7 7 7 1 1 1 1 1
Case #575: 30 2 11 1 1 1 1 1 1 1 1 1 1 1 1 1 1 1 1 1 1 1 1 1 1 1 1 1 1 1 1
Case #576: 22 2 2 2 3 3 3 3 3 3 5 1 1 1 1 1 1 1 1 1 1 1 1
Case #577: 19 2 2 2 2 2 2 3 5 5 7 1 1 1 1 1 1 1 1 1
Case #578: 15 2 2 2 2 2 2 3 3 5 5 5 5 1 1 1
Case #579: 35 2 2 2 2 2 2 1 1 1 1 1 1 1 1 1 1 1 1 1 1 1 1 1 1 1 1 1 1 1 1 1 1 1 1 1
Case #580: -1
Case #581: 18 2 2 2 2 2 3 7 11 1 1 1 1 1 1 1 1 1 1
Case #582: 20 2 2 2 2 2 2 2 2 2 2 2 2 2 3 3 5 1 1 1 1
Case #583: 15 2 2 2 2 3 3 3 3 3 13 1 1 1 1 1
Case #584: 21 2 2 2 2 3 3 5 5 5 1 1 1 1 1 1 1 1 1 1 1 1
Case #585: 25 2 2 3 5 5 5 1 1 1 1 1 1 1 1 1 1 1 1 1 1 1 1 1 1 1
Case #586: 25 2 2 2 2 2 2 3 3 3 3 3 1 1 1 1 1 1 1 1 1 1 1 1 1 1
Case #587: 17 2 2 2 2 2 2 7 13 1 1 1 1 1 1 1 1 1
Case #588: -1
Case #589: 26 2 2 2 3 3 5 5 1 1 1 1 1 1 1 1 1 1 1 1 1 1 1 1 1 1 1
Case #590: 21 2 2 2 2 2 2 3 3 3 5 5 1 1 1 1 1 1 1 1 1 1
Case #591: 13 2 2 3 3 3 3 3 5 13 1 1 1 1
Case #592: -1
Case #593: 25 2 2 2 2 2 2 2 2 2 2 2 2 3 3 1 1 1 1 1 1 1 1 1 1 1
Case #594: 15 2 2 3 3 3 3 3 3 3 11 1 1 1 1 1
Case #595: 7 17 19 1 1 1 1 1
Case #596: 26 2 3 3 3 3 7 1 1 1 1 1 1 1 1 1 1 1 1 1 1 1 1 1 1 1 1
Case #597: 41 1 1 1 1 1 1 1 1 1 1 1 1 1 1 1 1 1 1 1 1 1 1 1 1 1 1 1 1 1 1 1 1 1 1 1 1 1 1 1 1 1
Case #598: -1
Case #599: 10 2 3 3 3 5 5 17 1 1 1
Case #600: -1
Case #601: 15 2 2 2 2 3 5 5 5 5 5 1 1 1 1 1
Case #602: 26 2 2 2 2 2 2 2 2 2 2 2 3 3 1 1 1 1 1 1 1 1 1 1 1 1 1
Case #603: -1
Case #604: 13 2 2 2 2 3 5 7 13 1 1 1 1 1
Case #605: 18 2 2 2 2 2 2 2 2 2 2 2 3 11 1 1 1 1 1
Case #606: 29 3 11 1 1 1 1 1 1 1 1 1 1 1 1 1 1 1 1 1 1 1 1 1 1 1 1 1 1 1
Case #607: 15 2 2 2 2 3 3 3 3 3 3 5 7 1 1 1
Case #608: 14 2 3 3 3 3 3 5 13 1 1 1 1 1 1
Case #609: 14 2 2 2 3 3 5 7 11 1 1 1 1 1 1
Case #610: 26 2 3 3 3 3 3 5 1 1 1 1 1 1 1 1 1 1 1 1 1 1 1 1 1 1 1
Case #611: 15 2 2 2 2 5 19 1 1 1 1 1 1 1 1 1
Case #612: 22 2 2 2 3 3 3 3 5 5 1 1 1 1 1 1 1 1 1 1 1 1 1
Case #613: 33 2 2 2 2 2 2 3 1 1 1 1 1 1 1 1 1 1 1 1 1 1 1 1 1 1 1 1 1 1 1 1 1 1
Case #614: 27 2 2 3 5 7 1 1 1 1 1 1 1 1 1 1 1 1 1 1 1 1 1 1 1 1 1 1
Case #615: 21 3 3 5 5 5 5 1 1 1 1 1 1 1 1 1 1 1 1 1 1 1
Case #616: 18 2 2 2 2 2 2 2 2 2 2 2 3 5 7 1 1 1 1
Case #617: -1
Case #618: 25 2 2 2 2 2 2 2 2 2 2 2 2 2 2 2 2 1 1 1 1 1 1 1 1 1
Case #619: 31 3 3 3 5 1 1 1 1 1 1 1 1 1 1 1 1 1 1 1 1 1 1 1 1 1 1 1 1 1 1 1
Case #620: 34 2 7 1 1 1 1 1 1 1 1 1 1 1 1 1 1 1 1 1 1 1 1 1 1 1 1 1 1 1 1 1 1 1 1
Case #621: -1
Case #622: 17 2 2 2 2 2 2 3 3 3 13 1 1 1 1 1 1 1
Case #623: 22 2 2 2 2 2 3 5 5 5 1 1 1 1 1 1 1 1 1 1 1 1 1
Case #624: 28 2 2 2 2 2 2 2 3 5 1 1 1 1 1 1 1 1 1 1 1 1 1 1 1 1 1 1 1
Case #625: 27 2 2 2 2 2 2 3 3 5 1 1 1 1 1 1 1 1 1 1 1 1 1 1 1 1 1 1
Case #626: 14 2 3 3 3 3 3 3 3 3 5 7 1 1 1
Case #627: -1
Case #628: 35 3 5 1 1 1 1 1 1 1 1 1 1 1 1 1 1 1 1 1 1 1 1 1 1 1 1 1 1 1 1 1 1 1 1 1
Case #629: 27 5 11 1 1 1 1 1 1 1 1 1 1 1 1 1 1 1 1 1 1 1 1 1 1 1 1 1
Case #630: 16 2 2 2 2 2 5 17 1 1 1 1 1 1 1 1 1
Case #631: 14 2 3 3 3 5 5 7 7 1 1 1 1 1 1
Case #632: 35 3 3 3 1 1 1 1 1 1 1 1 1 1 1 1 1 1 1 1 1 1 1 1 1 1 1 1 1 1 1 1 1 1 1 1
Case #633: 27 2 2 3 3 3 3 5 1 1 1 1 1 1 1 1 1 1 1 1 1 1 1 1 1 1 1 1
Case #634: 24 2 2 2 2 2 3 11 1 1 1 1 1 1 1 1 1 1 1 1 1 1 1 1 1
Case #635: 22 2 2 2 2 2 2 2 2 2 2 2 3 3 5 1 1 1 1 1 1 1 1
Case #636: 24 2 3 3 3 3 3 3 5 1 1 1 1 1 1 1 1 1 1 1 1 1 1 1 1
Case #637: 3 11 13 17
Case #638: -1
Case #639: 8 2 2 2 3 29 1 1 1
Case #640: 26 2 2 2 2 2 2 2 3 3 5 1 1 1 1 1 1 1 1 1 1 1 1 1 1 1 1
Case #641: 16 2 2 2 2 2 3 3 3 5 11 1 1 1 1 1 1
Case #642: 18 2 2 2 3 5 5 11 1 1 1 1 1 1 1 1 1 1 1
Case #643: 21 2 2 2 2 3 3 3 3 5 5 1 1 1 1 1 1 1 1 1 1 1
Case #644: -1
Case #645: 12 2 2 2 2 2 3 5 7 13 1 1 1
Case #646: 36 2 3 3 1 1 1 1 1 1 1 1 1 1 1 1 1 1 1 1 1 1 1 1 1 1 1 1 1 1 1 1 1 1 1 1 1
Case #647: 24 2 3 3 5 5 5 1 1 1 1 1 1 1 1 1 1 1 1 1 1 1 1 1 1
Case #648: 21 2 2 2 2 3 3 7 7 1 1 1 1 1 1 1 1 1 1 1 1 1
Case #649: 5 3 17 19 1 1
Case #650: -1
Case #651: 39 2 2 1 1 1 1 1 1 1 1 1 1 1 1 1 1 1 1 1 1 1 1 1 1 1 1 1 1 1 1 1 1 1 1 1 1 1 1 1
Case #652: 20 2 2 2 2 2 2 2 2 2 3 3 3 3 3 3 1 1 1 1 1
Case #653: 19 2 2 2 2 3 3 3 13 1 1 1 1 1 1 1 1 1 1 1
Case #654: 14 2 2 2 2 2 2 2 2 2 3 5 13 1 1
Case #655: 19 2 2 2 2 2 2 2 2 2 2 2 2 3 5 5 1 1 1 1
Case #656: -1
Case #657: 14 2 2 2 2 2 2 2 3 19 1 1 1 1 1
Case #658: 21 2 2 3 3 3 3 5 7 1 1 1 1 1 1 1 1 1 1 1 1 1
Case #659: 14 2 2 2 2 2 3 3 3 17 1 1 1 1 1
Case #660: -1
Case #661: -1
Case #662: -1
Case #663: 7 5 7 7 19 1 1 1
Case #664: -1
Case #665: 19 2 2 2 2 3 3 3 3 3 5 5 1 1 1 1 1 1 1 1
Case #666: 17 2 2 3 5 7 11 1 1 1 1 1 1 1 1 1 1 1
Case #667: 21 2 2 2 2 2 2 2 2 2 2 3 3 7 1 1 1 1 1 1 1 1
Case #668: 16 2 3 3 3 3 3 5 5 7 1 1 1 1 1 1 1
Case #669: 16 2 3 3 5 17 1 1 1 1 1 1 1 1 1 1 1
Case #670: 20 2 2 2 2 2 2 2 2 2 2 2 3 5 5 1 1 1 1 1 1
Case #671: 25 2 2 2 2 2 2 3 5 5 1 1 1 1 1 1 1 1 1 1 1 1 1 1 1 1
Case #672: 32 2 3 7 1 1 1 1 1 1 1 1 1 1 1 1 1 1 1 1 1 1 1 1 1 1 1 1 1 1 1 1 1
Case #673: 19 2 2 2 2 2 2 3 3 3 11 1 1 1 1 1 1 1 1 1
Case #674: 32 2 5 5 1 1 1 1 1 1 1 1 1 1 1 1 1 1 1 1 1 1 1 1 1 1 1 1 1 1 1 1 1
Case #675: -1
Case #676: 17 2 2 2 2 2 2 2 2 3 3 3 5 7 1 1 1 1
Case #677: 21 2 2 19 1 1 1 1 1 1 1 1 1 1 1 1 1 1 1 1 1 1
Case #678: 10 2 2 2 2 2 3 13 13 1 1
Case #679: 20 2 2 2 2 2 5 5 5 5 1 1 1 1 1 1 1 1 1 1 1
Case #680: 13 2 2 3 3 3 5 5 13 1 1 1 1 1
Case #681: -1
Case #682: -1
Case #683: 14 2 2 2 2 2 2 2 5 5 13 1 1 1 1
Case #684: 11 2 2 2 2 3 3 5 19 1 1 1
Case #685: 14 2 2 2 2 2 2 2 5 7 11 1 1 1 1
Case #686: 15 2 2 2 2 2 2 5 5 5 5 5 1 1 1 1
Case #687: 25 2 2 2 2 3 3 3 7 1 1 1 1 1 1 1 1 1 1 1 1 1 1 1 1 1
Case #688: 25 3 3 3 3 3 7 1 1 1 1 1 1 1 1 1 1 1 1 1 1 1 1 1 1 1
Case #689: 17 2 2 2 2 2 2 3 3 3 3 3 3 3 5 1 1 1
Case #690: 16 2 2 2 2 2 2 2 2 2 5 7 7 1 1 1 1
Case #691: 23 2 2 3 5 5 7 1 1 1 1 1 1 1 1 1 1 1 1 1 1 1 1 1
Case #692: 15 2 2 3 3 3 5 5 11 1 1 1 1 1 1 1
Case #693: 17 2 2 3 3 3 3 3 7 7 1 1 1 1 1 1 1 1
Case #694: 24 2 2 2 2 2 3 3 5 5 1 1 1 1 1 1 1 1 1 1 1 1 1 1 1
Case #695: 24 2 3 3 3 3 3 3 3 3 1 1 1 1 1 1 1 1 1 1 1 1 1 1 1
Case #696: 14 2 2 2 3 5 5 5 5 7 1 1 1 1 1
Case #697: 16 2 2 2 3 3 7 7 7 1 1 1 1 1 1 1 1
Case #698: 14 2 3 3 5 5 5 11 1 1 1 1 1 1 1
Case #699: 24 2 2 2 2 2 2 2 2 2 3 7 1 1 1 1 1 1 1 1 1 1 1 1 1
Case #700: 12 2 3 3 3 3 5 5 7 7 1 1 1
Case #701: 10 2 3 3 5 5 7 13 1 1 1
Case #702: -1
Case #703: 17 2 2 2 2 2 2 2 2 2 2 3 13 1 1 1 1 1
Case #704: -1
Case #705: 21 2 2 2 2 2 2 3 3 3 3 3 3 3 1 1 1 1 1 1 1 1
Case #706: 20 2 3 3 3 5 5 7 1 1 1 1 1 1 1 1 1 1 1 1 1
Case #707: 21 2 2 2 2 3 5 11 1 1 1 1 1 1 1 1 1 1 1 1 1 1
Case #708: 22 2 2 2 2 2 2 2 2 2 2 2 2 2 2 2 2 2 2 2 1 1 1
Case #709: 9 2 2 2 2 3 5 23 1 1
Case #710: 29 2 2 2 2 2 2 3 3 3 1 1 1 1 1 1 1 1 1 1 1 1 1 1 1 1 1 1 1 1
Case #711: 13 2 2 2 2 2 2 2 2 3 7 13 1 1
Case #712: -1
Case #713: -1
Case #714: -1
Case #715: 10 2 2 2 2 2 3 7 19 1 1
Case #716: -1
Case #717: 28 2 2 2 2 2 2 2 3 3 3 1 1 1 1 1 1 1 1 1 1 1 1 1 1 1 1 1 1
Case #718: 35 2 2 5 1 1 1 1 1 1 1 1 1 1 1 1 1 1 1 1 1 1 1 1 1 1 1 1 1 1 1 1 1 1 1 1
Case #719: 20 2 2 2 2 2 2 2 2 2 2 2 2 2 2 2 2 2 5 1 1
Case #720: 21 2 2 2 2 2 2 2 2 3 3 3 3 3 3 1 1 1 1 1 1 1
Case #721: 21 2 2 2 2 2 2 2 2 3 5 7 1 1 1 1 1 1 1 1 1 1
Case #722: 17 2 2 3 3 3 3 3 3 3 3 3 5 1 1 1 1 1
Case #723: 32 2 2 2 2 2 5 1 1 1 1 1 1 1 1 1 1 1 1 1 1 1 1 1 1 1 1 1 1 1 1 1 1
Case #724: 28 2 2 2 3 3 3 3 3 1 1 1 1 1 1 1 1 1 1 1 1 1 1 1 1 1 1 1 1
Case #725: -1
Case #726: 32 2 3 3 5 1 1 1 1 1 1 1 1 1 1 1 1 1 1 1 1 1 1 1 1 1 1 1 1 1 1 1 1
Case #727: 22 2 3 3 3 5 5 5 1 1 1 1 1 1 1 1 1 1 1 1 1 1 1
Case #728: -1
Case #729: -1
Case #730: -1
Case #731: -1
Case #732: 20 2 2 2 3 3 3 3 3 5 5 1 1 1 1 1 1 1 1 1 1
Case #733: -1
Case #734: 16 2 2 2 3 3 3 5 7 7 1 1 1 1 1 1 1
Case #735: 17 2 2 2 2 3 3 3 3 5 5 5 1 1 1 1 1 1
Case #736: 28 2 2 2 11 1 1 1 1 1 1 1 1 1 1 1 1 1 1 1 1 1 1 1 1 1 1 1 1
Case #737: 15 2 2 2 2 2 2 2 2 3 5 5 5 5 1 1
Case #738: 15 2 2 2 2 2 2 2 2 3 5 13 1 1 1 1
Case #739: 32 2 2 2 7 1 1 1 1 1 1 1 1 1 1 1 1 1 1 1 1 1 1 1 1 1 1 1 1 1 1 1 1
Case #740: 18 2 3 3 3 3 3 3 3 3 3 5 1 1 1 1 1 1 1
Case #741: 21 2 2 2 2 2 2 2 2 2 2 2 2 3 7 1 1 1 1 1 1 1
Case #742: 18 2 2 2 2 2 3 3 3 3 3 3 7 1 1 1 1 1 1
Case #743: 18 2 2 2 2 2 3 5 5 5 5 1 1 1 1 1 1 1 1
Case #744: 18 2 2 2 2 2 2 2 2 2 3 5 5 5 1 1 1 1 1
Case #745: -1
Case #746: -1
Case #747: 21 2 2 2 2 2 2 2 2 2 2 2 2 3 3 3 3 1 1 1 1 1
Case #748: 26 2 2 2 2 2 2 2 2 2 3 5 1 1 1 1 1 1 1 1 1 1 1 1 1 1 1
Case #749: 12 2 2 2 2 2 2 2 3 11 11 1 1
Case #750: 24 2 2 2 2 2 2 2 2 2 2 2 2 2 5 1 1 1 1 1 1 1 1 1 1
Case #751: 14 2 2 2 2 2 2 2 3 5 5 5 7 1 1
Case #752: 24 2 2 2 3 3 11 1 1 1 1 1 1 1 1 1 1 1 1 1 1 1 1 1 1
Case #753: 19 2 2 2 2 2 2 3 3 3 3 3 7 1 1 1 1 1 1 1
Case #754: 19 2 2 2 2 3 3 3 3 5 7 1 1 1 1 1 1 1 1 1
Case #755: 18 2 3 3 5 5 5 7 1 1 1 1 1 1 1 1 1 1 1
Case #756: 15 2 2 2 2 3 3 5 5 11 1 1 1 1 1 1
Case #757: 18 2 2 2 2 2 2 2 3 3 3 3 3 7 1 1 1 1 1
Case #758: 12 2 3 3 5 5 5 7 7 1 1 1 1
Case #759: -1
Case #760: 12 2 2 2 2 2 3 3 5 17 1 1 1
Case #761: 23 2 2 2 2 2 2 2 2 2 2 2 2 2 2 5 1 1 1 1 1 1 1 1
Case #762: 14 2 2 2 5 5 7 11 1 1 1 1 1 1 1
Case #763: 21 2 2 2 2 2 2 3 7 7 1 1 1 1 1 1 1 1 1 1 1 1
Case #764: 29 13 1 1 1 1 1 1 1 1 1 1 1 1 1 1 1 1 1 1 1 1 1 1 1 1 1 1 1 1
Case #765: 33 2 2 3 5 1 1 1 1 1 1 1 1 1 1 1 1 1 1 1 1 1 1 1 1 1 1 1 1 1 1 1 1 1
Case #766: 20 2 3 3 3 3 7 7 1 1 1 1 1 1 1 1 1 1 1 1 1
Case #767: 15 2 2 2 2 3 3 3 3 5 11 1 1 1 1 1
Case #768: -1
Case #769: -1
Case #770: -1
Case #771: 24 2 2 2 2 2 3 5 7 1 1 1 1 1 1 1 1 1 1 1 1 1 1 1 1
Case #772: 19 2 2 2 2 2 2 5 7 7 1 1 1 1 1 1 1 1 1 1
Case #773: -1
Case #774: 17 2 2 3 3 3 5 5 5 5 1 1 1 1 1 1 1 1
Case #775: 36 2 2 2 2 2 1 1 1 1 1 1 1 1 1 1 1 1 1 1 1 1 1 1 1 1 1 1 1 1 1 1 1 1 1 1 1
Case #776: 23 2 2 2 2 2 2 2 2 2 2 2 2 2 2 3 3 1 1 1 1 1 1 1
Case #777: 18 2 2 2 2 2 2 2 3 5 5 7 1 1 1 1 1 1 1
Case #778: -1
Case #779: 24 2 2 2 2 2 2 2 2 2 2 2 2 2 2 2 3 1 1 1 1 1 1 1 1
Case #780: 11 2 2 3 3 3 5 19 1 1 1 1
Case #781: 25 7 11 1 1 1 1 1 1 1 1 1 1 1 1 1 1 1 1 1 1 1 1 1 1 1
Case #782: 19 2 2 2 2 2 2 2 2 3 3 3 3 3 5 1 1 1 1 1
Case #783: 34 2 3 5 1 1 1 1 1 1 1 1 1 1 1 1 1 1 1 1 1 1 1 1 1 1 1 1 1 1 1 1 1 1 1
Case #784: -1
Case #785: 15 2 2 2 2 3 5 7 11 1 1 1 1 1 1 1
Case #786: -1
Case #787: 20 2 2 2 2 2 2 2 2 2 3 3 5 5 1 1 1 1 1 1 1
Case #788: -1
Case #789: 23 2 2 2 2 2 2 2 2 2 2 2 2 2 2 2 2 3 1 1 1 1 1 1
Case #790: 18 2 2 2 2 2 2 2 5 13 1 1 1 1 1 1 1 1 1
Case #791: -1
Case #792: 10 2 3 3 5 7 17 1 1 1 1
Case #793: 25 2 2 2 2 3 5 7 1 1 1 1 1 1 1 1 1 1 1 1 1 1 1 1 1 1
Case #794: 34 2 2 2 2 2 2 2 1 1 1 1 1 1 1 1 1 1 1 1 1 1 1 1 1 1 1 1 1 1 1 1 1 1 1
Case #795: -1
Case #796: 10 2 2 2 3 5 7 7 11 1 1
Case #797: 21 2 2 2 2 2 2 2 2 7 7 1 1 1 1 1 1 1 1 1 1 1
Case #798: 19 2 2 2 2 2 2 3 3 5 5 5 1 1 1 1 1 1 1 1
Case #799: -1
Case #800: 15 2 2 2 2 3 3 3 3 5 5 7 1 1 1 1
Case #801: 25 2 2 2 2 2 2 2 2 2 2 2 2 5 1 1 1 1 1 1 1 1 1 1 1 1
Case #802: 15 2 2 2 2 5 5 5 5 7 1 1 1 1 1 1
Case #803: 25 2 2 2 2 3 3 3 3 5 1 1 1 1 1 1 1 1 1 1 1 1 1 1 1 1
Case #804: 26 2 2 2 2 2 2 2 2 2 3 3 3 1 1 1 1 1 1 1 1 1 1 1 1 1 1
Case #805: 17 2 2 2 2 2 2 2 2 2 2 3 7 7 1 1 1 1
Case #806: 8 2 2 2 3 7 23 1 1
Case #807: -1
Case #808: 16 2 2 2 2 2 2 2 3 3 5 5 7 1 1 1 1
Case #809: 24 2 2 2 2 2 2 2 3 5 5 1 1 1 1 1 1 1 1 1 1 1 1 1 1
Case #810: 20 2 2 2 2 2 2 2 3 5 5 5 1 1 1 1 1 1 1 1 1
Case #811: 21 2 2 2 2 2 2 2 2 3 11 1 1 1 1 1 1 1 1 1 1 1
Case #812: 23 19 1 1 1 1 1 1 1 1 1 1 1 1 1 1 1 1 1 1 1 1 1 1
Case #813: -1
Case #814: 21 2 2 2 2 2 2 3 3 3 3 3 5 1 1 1 1 1 1 1 1 1
Case #815: -1
Case #816: -1
Case #817: 11 2 2 2 2 3 7 7 7 7 1 1
Case #818: 15 2 2 3 3 3 3 5 5 5 5 1 1 1 1 1
Case #819: 15 2 2 3 3 5 7 11 1 1 1 1 1 1 1 1
Case #820: 11 2 2 3 3 7 19 1 1 1 1 1
Case #821: 28 2 7 7 1 1 1 1 1 1 1 1 1 1 1 1 1 1 1 1 1 1 1 1 1 1 1 1 1
Case #822: 24 2 2 2 2 2 2 2 3 3 3 3 3 1 1 1 1 1 1 1 1 1 1 1 1
Case #823: 21 11 11 1 1 1 1 1 1 1 1 1 1 1 1 1 1 1 1 1 1 1
Case #824: 13 2 2 3 3 3 3 3 17 1 1 1 1 1
Case #825: 14 2 2 2 2 2 2 2 3 3 5 13 1 1 1
Case #826: 16 2 2 2 2 2 3 3 3 3 5 5 5 1 1 1 1
Case #827: 19 2 2 3 5 5 5 7 1 1 1 1 1 1 1 1 1 1 1 1
Case #828: 28 2 3 11 1 1 1 1 1 1 1 1 1 1 1 1 1 1 1 1 1 1 1 1 1 1 1 1 1
Case #829: 16 2 2 2 3 3 3 5 13 1 1 1 1 1 1 1 1
Case #830: 21 2 2 2 2 2 2 3 3 5 7 1 1 1 1 1 1 1 1 1 1 1
Case #831: 18 2 2 2 2 2 2 2 3 3 5 5 5 1 1 1 1 1 1
Case #832: 14 2 2 2 3 3 3 5 5 11 1 1 1 1 1
Case #833: -1
Case #834: 23 3 17 1 1 1 1 1 1 1 1 1 1 1 1 1 1 1 1 1 1 1 1 1
Case #835: 13 2 2 2 2 2 2 5 7 13 1 1 1 1
Case #836: 27 2 2 2 2 3 3 7 1 1 1 1 1 1 1 1 1 1 1 1 1 1 1 1 1 1 1 1
Case #837: 24 2 2 2 2 2 2 2 3 3 7 1 1 1 1 1 1 1 1 1 1 1 1 1 1
Case #838: 23 2 2 2 2 2 2 2 2 3 3 3 5 1 1 1 1 1 1 1 1 1 1 1
Case #839: 18 2 3 5 7 11 1 1 1 1 1 1 1 1 1 1 1 1 1
Case #840: -1
Case #841: 24 2 2 2 2 2 3 3 3 3 5 1 1 1 1 1 1 1 1 1 1 1 1 1 1
Case #842: -1
Case #843: 33 2 2 3 3 3 1 1 1 1 1 1 1 1 1 1 1 1 1 1 1 1 1 1 1 1 1 1 1 1 1 1 1 1
Case #844: 16 2 2 2 2 2 2 2 5 5 5 7 1 1 1 1 1
Case #845: -1
Case #846: -1
Case #847: 19 2 2 2 2 2 2 3 3 3 3 3 3 5 1 1 1 1 1 1
Case #848: 15 2 2 2 2 7 17 1 1 1 1 1 1 1 1 1
Case #849: 16 2 2 2 2 2 2 2 3 5 5 5 5 1 1 1 1
Case #850: 13 2 2 2 2 3 3 3 3 5 13 1 1 1
Case #851: 16 2 3 3 3 3 3 3 5 5 5 1 1 1 1 1 1
Case #852: -1
Case #853: -1
Case #854: 20 2 2 2 3 3 3 3 11 1 1 1 1 1 1 1 1 1 1 1 1
Case #855: 27 2 2 13 1 1 1 1 1 1 1 1 1 1 1 1 1 1 1 1 1 1 1 1 1 1 1 1
Case #856: -1
Case #857: 19 2 2 2 2 3 3 3 7 7 1 1 1 1 1 1 1 1 1 1
Case #858: -1
Case #859: 14 2 2 2 2 2 2 2 2 2 3 7 11 1 1
Case #860: 25 5 13 1 1 1 1 1 1 1 1 1 1 1 1 1 1 1 1 1 1 1 1 1 1 1
Case #861: 18 2 2 2 3 3 5 5 5 5 1 1 1 1 1 1 1 1 1
Case #862: 22 2 2 2 3 3 3 3 3 3 3 3 1 1 1 1 1 1 1 1 1 1 1
Case #863: 13 2 2 3 5 5 7 11 1 1 1 1 1 1
Case #864: -1
Case #865: 27 3 3 3 3 3 5 1 1 1 1 1 1 1 1 1 1 1 1 1 1 1 1 1 1 1 1 1
Case #866: -1
Case #867: 13 2 2 3 3 5 5 5 11 1 1 1 1 1
Case #868: 19 2 2 3 3 3 3 3 3 3 3 5 1 1 1 1 1 1 1 1
Case #869: 6 2 3 5 7 11 13
Case #870: 36 2 2 2 3 1 1 1 1 1 1 1 1 1 1 1 1 1 1 1 1 1 1 1 1 1 1 1 1 1 1 1 1 1 1 1 1
Case #871: -1
Case #872: -1
Case #873: 15 2 2 2 2 3 3 19 1 1 1 1 1 1 1 1
Case #874: 25 3 3 3 3 3 3 5 1 1 1 1 1 1 1 1 1 1 1 1 1 1 1 1 1 1
Case #875: 28 2 2 2 2 2 2 2 2 2 3 3 1 1 1 1 1 1 1 1 1 1 1 1 1 1 1 1 1
Case #876: -1
Case #877: 23 2 2 3 3 3 3 5 5 1 1 1 1 1 1 1 1 1 1 1 1 1 1 1
Case #878: 14 2 2 2 2 2 2 2 3 5 5 11 1 1 1
Case #879: 18 2 2 2 3 3 5 7 7 1 1 1 1 1 1 1 1 1 1
Case #880: 23 7 13 1 1 1 1 1 1 1 1 1 1 1 1 1 1 1 1 1 1 1 1 1
Case #881: 15 2 2 2 2 3 3 3 5 5 5 5 1 1 1 1
Case #882: -1
Case #883: 22 2 2 2 2 2 2 2 3 3 3 3 5 1 1 1 1 1 1 1 1 1 1
Case #884: 17 2 2 2 2 2 2 2 2 3 3 7 7 1 1 1 1 1
Case #885: 12 2 2 2 3 7 7 13 1 1 1 1 1
Case #886: 18 2 2 2 3 3 3 3 3 11 1 1 1 1 1 1 1 1 1
Case #887: 23 2 2 3 3 3 5 7 1 1 1 1 1 1 1 1 1 1 1 1 1 1 1 1
Case #888: 11 2 2 29 1 1 1 1 1 1 1 1
Case #889: 18 2 2 2 2 2 2 2 2 2 3 3 3 5 5 1 1 1 1
Case #890: 13 2 2 2 2 3 3 3 5 5 11 1 1 1
Case #891: 19 2 2 2 2 3 5 13 1 1 1 1 1 1 1 1 1 1 1 1
Case #892: 16 2 2 2 3 5 5 7 7 1 1 1 1 1 1 1 1
Case #893: 12 2 2 2 3 7 7 7 7 1 1 1 1
Case #894: -1
Case #895: -1
Case #896: 25 3 3 7 7 1 1 1 1 1 1 1 1 1 1 1 1 1 1 1 1 1 1 1 1 1
Case #897: 16 2 2 2 3 3 5 5 5 7 1 1 1 1 1 1 1
Case #898: 22 2 2 2 2 2 2 2 3 5 7 1 1 1 1 1 1 1 1 1 1 1 1
Case #899: 16 2 2 2 2 2 2 2 2 2 3 5 11 1 1 1 1
Case #900: 17 2 2 2 2 2 2 2 2 3 5 5 7 1 1 1 1 1
Case #901: 15 2 2 2 2 3 3 3 5 13 1 1 1 1 1 1
Case #902: 15 2 2 3 3 3 3 3 5 5 7 1 1 1 1 1
Case #903: 23 2 2 2 2 2 2 3 5 7 1 1 1 1 1 1 1 1 1 1 1 1 1 1
Case #904: 15 2 2 3 3 3 3 3 3 3 5 7 1 1 1 1
Case #905: 15 2 2 2 2 2 2 3 5 5 5 7 1 1 1 1
Case #906: 15 2 2 2 2 3 3 3 3 3 5 5 5 1 1 1
Case #907: 22 2 2 2 2 2 3 3 3 3 3 5 1 1 1 1 1 1 1 1 1 1 1
Case #908: 17 2 2 2 2 2 2 3 3 3 3 3 5 5 1 1 1 1
Case #909: 18 2 2 2 2 2 2 2 2 2 3 7 7 1 1 1 1 1 1
Case #910: 21 2 2 3 3 3 5 5 5 1 1 1 1 1 1 1 1 1 1 1 1 1
Case #911: 21 2 2 2 2 2 2 2 2 3 3 3 7 1 1 1 1 1 1 1 1 1
Case #912: 18 2 2 2 2 2 2 2 3 3 3 11 1 1 1 1 1 1 1
Case #913: 21 2 2 2 2 2 2 2 2 2 2 11 1 1 1 1 1 1 1 1 1 1
Case #914: 27 2 2 2 2 2 2 2 2 2 2 2 2 3 1 1 1 1 1 1 1 1 1 1 1 1 1 1
Case #915: 16 2 2 2 3 3 3 3 5 11 1 1 1 1 1 1 1
Case #916: 31 5 7 1 1 1 1 1 1 1 1 1 1 1 1 1 1 1 1 1 1 1 1 1 1 1 1 1 1 1 1 1
Case #917: 17 2 2 2 2 2 2 2 2 3 3 13 1 1 1 1 1 1
Case #918: -1
Case #919: 18 2 2 2 2 2 3 3 3 13 1 1 1 1 1 1 1 1 1
Case #920: 14 2 2 2 2 2 5 7 7 7 1 1 1 1 1
Case #921: 18 2 2 2 3 5 5 5 7 1 1 1 1 1 1 1 1 1 1
Case #922: 19 2 2 3 3 5 13 1 1 1 1 1 1 1 1 1 1 1 1 1
Case #923: 20 2 2 2 2 2 2 2 3 7 7 1 1 1 1 1 1 1 1 1 1
Case #924: -1
Case #925: 16 2 2 2 2 2 3 5 5 5 7 1 1 1 1 1 1
Case #926: -1
Case #927: -1
Case #928: 21 2 2 2 2 2 2 2 2 2 2 2 2 2 2 2 2 2 2 3 1 1
Case #929: 20 2 2 2 3 3 3 3 3 3 3 5 1 1 1 1 1 1 1 1 1
Case #930: 23 2 2 2 2 2 2 2 2 3 3 7 1 1 1 1 1 1 1 1 1 1 1 1
Case #931: 20 2 2 2 2 2 2 2 3 3 5 7 1 1 1 1 1 1 1 1 1
Case #932: 12 2 3 3 3 5 5 5 5 7 1 1 1
Case #933: -1
Case #934: 7 5 5 11 17 1 1 1
Case #935: 26 2 3 3 5 7 1 1 1 1 1 1 1 1 1 1 1 1 1 1 1 1 1 1 1 1 1
Case #936: 22 2 2 2 2 2 5 5 7 1 1 1 1 1 1 1 1 1 1 1 1 1 1
Case #937: 15 2 2 2 2 3 11 11 1 1 1 1 1 1 1 1
Case #938: 22 2 3 3 3 3 3 3 3 5 1 1 1 1 1 1 1 1 1 1 1 1 1
Case #939: 24 2 2 2 2 2 2 2 5 7 1 1 1 1 1 1 1 1 1 1 1 1 1 1 1
Case #940: 15 5 23 1 1 1 1 1 1 1 1 1 1 1 1 1
Case #941: 16 2 2 2 2 2 2 2 3 3 3 3 5 7 1 1 1
Case #942: 13 2 2 2 2 2 2 3 5 17 1 1 1 1
Case #943: 21 2 2 2 2 5 5 5 5 1 1 1 1 1 1 1 1 1 1 1 1 1
Case #944: 18 2 2 2 2 2 3 3 3 3 3 5 5 1 1 1 1 1 1
Case #945: 34 2 2 2 5 1 1 1 1 1 1 1 1 1 1 1 1 1 1 1 1 1 1 1 1 1 1 1 1 1 1 1 1 1 1
Case #946: 31 2 2 2 2 2 2 3 3 1 1 1 1 1 1 1 1 1 1 1 1 1 1 1 1 1 1 1 1 1 1 1
Case #947: 15 2 2 2 2 2 2 3 3 5 7 7 1 1 1 1
Case #948: 12 2 2 2 3 3 5 7 7 7 1 1 1
Case #949: 12 2 2 2 3 3 5 5 5 11 1 1 1
Case #950: 20 2 2 2 3 3 3 3 3 3 3 3 3 1 1 1 1 1 1 1 1
Case #951: -1
Case #952: 23 2 2 2 2 3 3 11 1 1 1 1 1 1 1 1 1 1 1 1 1 1 1 1
Case #953: 19 2 2 2 2 3 3 3 3 3 3 3 5 1 1 1 1 1 1 1
Case #954: -1
Case #955: -1
Case #956: 21 2 2 2 2 3 5 5 7 1 1 1 1 1 1 1 1 1 1 1 1 1
Case #957: 18 2 2 2 3 3 3 3 3 5 7 1 1 1 1 1 1 1 1
Case #958: 20 2 2 2 2 2 2 2 3 3 3 3 3 3 3 1 1 1 1 1 1
Case #959: 19 2 2 2 2 2 2 2 2 5 5 7 1 1 1 1 1 1 1 1
Case #960: 22 2 2 2 2 2 2 2 2 2 2 2 2 2 2 2 3 3 1 1 1 1 1
Case #961: 33 2 2 7 1 1 1 1 1 1 1 1 1 1 1 1 1 1 1 1 1 1 1 1 1 1 1 1 1 1 1 1 1 1
Case #962: 14 2 2 2 2 2 2 2 3 7 13 1 1 1 1
Case #963: 21 3 3 3 5 5 7 1 1 1 1 1 1 1 1 1 1 1 1 1 1 1
Case #964: 22 2 2 2 2 2 3 7 7 1 1 1 1 1 1 1 1 1 1 1 1 1 1
Case #965: 17 2 2 2 2 3 3 3 3 3 3 3 7 1 1 1 1 1