16 40
3 1111111111011111
3 1111111111110011
2 375587209 1111111111111111
3 1111111111111111
3 1111110111110111
2 877954878 1111111111111111
3 1111111111111111
2 326002843 1111111111111111
3 1111111111011111
1 164771338 1111111011110111
1 349514251 1110111111100111
3 1111111110111111
1 288600611 1011110111111111
3 1111111111111111
1 356251274 1101111111111111
2 330474969 0110111111111111
3 1100111110111111
2 782379730 1111111111111111
2 48610034 1111111011111111
1 984670224 1111111101111111
3 1111111110111111
1 642836229 1011111111011111
3 1111011111111111
1 480277658 1101011111111111
1 532328643 1111111111111111
2 16140291 1011111110111111
3 1111111111111111
2 607508320 1111101111111111
1 81916597 1111111111111111
1 232707600 1111111110111011
2 164581094 1111111111111111
2 479322692 1101111110110111
3 1111110111111111
1 953049691 1111111111111111
1 531719935 0111111111111111
3 1110111111111111
2 144752450 1111111111100111
2 339226837 1111111111111111
2 913746032 1110111111111101
1 1021703308 1111011101011101
2 809876380 1111111111111111