65
2407 4810 850600912749360
9966606336937688 9740005473217677 583445907010364
6 6 3465509398779757
7 7 6977204123379581
37177 52260 3627623246300954
6761462000443010 904477908128201 3043816924959190
2 3 1
48878 70096 1422160026469748
2 3 2
5 7 4495587747091262
9 17 7379218941168776
1 1 1000000000000
1000000000000 1 1
1 1000000000000 1
314 512 133769420
25878 28689 9188723367817961
19716 29416 841088842498107
314 512 1024
64922 110795 4504704366599950
60280 106158 382504020903546
650920191250544 3690753017565881 4021727189586015
10 17 370045965243845
5 9 9152845331581750
49127 75508 3693288613316216
3865717696012301 6136029900710052 3321279115901350
1 3 100
19749 37179 1140508669256069
9545048558841825 6899255672076999 9272818149758853
26597 37816 4245730305851899
6396320710057362 7814230344468181 3183274048075890
3 5 840843200459482
2 2 5384712727499747
4930 6317 3001060110844245
6 9 497087563
10 13 11234567890
4 6 7754441745231444
8272 10247 5338458442301888
59617 76399 8216425361382011
4 4 1760792368134037
13973 26419 3513626523439425
1 1 3771679948420674
74036 112850 549053549625598
1 1 6044898352400565
9334 14595 5458585253152592
3626621529746551 3995165959615617 3319701929960343
7 12 6439637337963783
2 3 5
1000000000000 1 1000000000000
9 15 5802491041437611
5089 7407 1785197717173513
7861 11257 5477539912208008
99838 101928 3638110057611840
9 10 9259928947805118
9706554173387903 5097740681849255 2095245244912381
2 2 9825445613196928
4 6 2271224666368145
10 13 3337041873753082
1 1000000000000 1000000000000
6 9 2903294259185990
74116 111994 1493371909130523
13988 25555 2154753727553324
5 1 100
9 9 2395440648063235
259149987802241 6689368820300403 3534721002568495
725831654114702 4541733210835335 2742887072719959
