100
9352 507517 9
1329 665400 3
121 121 11
22322 22322 1
1209 371972 7
6760 325542 7
3748 207521 4
8621 305784 1
2433 588437 7
8764 690922 4
9385 146808 1
4153 196591 1
0 132 1
6673 645665 9
1616 875376 6
5759 165757 6
3725 832955 1
2035 587687 6
6153 882984 8
3491 376189 1
121 131 1
2228 961000 6
6311 744038 5
7668 468727 8
3376 156586 6
9324 755359 1
4017 755925 4
9046 160519 7
646 753992 3
9286 976503 2
1363 123520 8
1396 974496 5
0 1000000000000000000 1000000000
39 1000000 3
2590 45700 5
5579 763362 2
4766 385349 3
1551 635917 7
981 265444 4
1000000000 1000000000000000000 1
10 22322 2
7558 716225 8
1108 708286 6
5630 555906 6
2739 884729 5
7243 39232 6
9481 668314 4
2499 989424 7
3976 759716 7
4401 792858 5
0 1000000000000000000 1
5272 393026 2
7977 626769 9
999 99999 78788
9929 160753 4
6916 519450 6
8892 186601 5
1033 109791 2
8135 346033 4
0 100 2
2871 611476 1
1813 539974 3
5649 246089 1
490 499674 1
4827 379304 8
9332 549970 6
852 514597 2
2791 674701 5
2851 217912 4
9628 221919 9
9523 81976 5
9597 30751 2
121 132 1
2519 171840 3
4945 279540 7
1002 914907 8
34432 9999920 222
3901 458931 4
4131 988357 1
8989 909410 5
8129 512819 4
9974 603759 9
400 793131 4
352 116029 3
2789 205886 5
7597 115191 5
2965 769993 4
2428 914457 2
3286 977701 4
5541 34105 7
8483 164651 3
3263 62970 1
21345 4441283 13
100000 1000000000000000000 3
2675 641763 3
9390 517315 4
8429 327368 2
1516 476245 5
4370 274443 1
886 56750 8
