3
500
49 60 288 278 291 435 375 28 448 143 363 116 224 27 356 128 330 436 173 194 457 463 297 361 328 102 7 451 315 214 106 309 0 160 250 258 86 95 78 372 41 435 307 257 451 141 215 247 92 253 60 277 484 115 261 208 260 347 288 322 273 53 207 199 157 65 90 471 292 299 343 153 52 137 251 115 49 32 322 475 438 483 62 232 146 444 196 207 439 277 486 99 479 496 219 498 46 39 142 293 393 242 268 399 223 411 241 375 374 109 368 53 330 58 356 45 207 395 111 40 386 152 102 45 79 285 439 330 354 435 78 144 114 61 232 391 373 363 256 375 335 314 241 272 194 150 317 43 271 127 145 7 115 289 366 229 483 92 89 199 46 248 104 321 38 85 296 156 278 425 497 225 334 397 205 252 9 108 49 282 66 140 258 174 464 383 21 301 59 415 87 454 232 330 470 19 313 235 410 290 259 447 25 400 113 46 124 333 460 323 352 455 1 279 62 343 484 94 295 231 189 436 424 414 210 206 199 182 343 106 432 237 434 263 109 61 499 459 215 208 329 359 443 181 463 218 102 117 160 6 44 50 159 190 285 119 288 430 231 238 153 155 454 9 365 40 12 23 245 474 145 12 118 124 317 188 16 323 360 188 42 84 41 30 276 53 468 198 268 452 315 20 293 440 358 179 88 478 115 250 57 189 58 421 102 267 114 216 353 194 306 0 320 135 13 56 20 442 343 374 452 51 390 483 190 215 302 66 309 330 364 422 493 359 427 327 241 94 62 41 380 101 44 478 453 327 48 427 236 148 457 283 143 260 480 395 113 95 189 3 466 62 189 139 296 413 211 131 408 152 134 432 107 110 468 213 102 236 383 259 247 447 135 77 381 346 285 93 63 213 211 0 182 244 425 242 219 281 30 392 394 486 105 384 274 316 404 177 457 215 252 288 433 95 183 336 230 464 377 183 433 99 140 475 113 372 489 134 52 386 344 82 171 41 299 305 7 383 247 498 316 303 493 351 42 9 203 37 155 429 493 247 138 163 25 135 128 352 71 311 417 340 5 493 403 6 260 64 252 288 333 369 122 48 170 63 311 15 38 295 415 262 240 456 275 124 265 228 305 46 125 118 493 467 314 14 175 16 341 176 
500
177 432 4
144 450 2
114 438 2
50 270 2
120 399 4
182 473 4
22 300 2
127 335 2
85 473 1
33 446 1
262 492 3
96 471 2
32 411 1
57 393 4
22 361 3
28 244 1
5 454 65
159 434 2
15 364 2
79 311 2
176 383 1
44 248 1
152 407 2
87 359 478
31 291 3
25 404 5
119 497 5
259 486 4
160 371 1
137 353 3
134 419 1
152 417 1
33 451 2
64 482 1
9 381 2
48 468 396
0 236 1
27 276 3
180 412 4
168 409 2
8 238 46
151 400 1
232 452 1
129 353 3
24 388 5
36 435 1
221 471 2
93 475 2
49 465 2
26 440 4
86 362 4
231 469 1
4 415 1
187 468 2
151 448 3
125 365 4
34 343 3
60 481 4
41 290 3
230 489 4
96 485 1
122 375 1
62 347 52
27 282 2
164 496 1
146 453 1
3 401 1
161 441 4
35 293 1
60 353 1
134 451 2
21 354 2
214 418 2
81 473 2
149 449 1
53 349 2
45 270 330
36 470 1
138 370 4
3 441 1
128 456 1
74 447 1
250 490 4
260 491 1
14 270 4
97 494 4
154 391 1
60 319 1
14 235 3
131 354 1
97 393 3
27 466 3
17 268 1
223 488 1
7 394 1
162 409 4
113 432 4
172 375 2
57 289 1
234 449 2
125 339 2
21 380 5
24 248 3
137 467 2
152 411 2
156 398 3
202 496 1
7 284 1
99 410 3
127 355 2
29 463 2
33 378 3
165 386 1
155 485 1
55 362 2
1 247 2
26 498 5
124 422 1
64 413 2
85 313 237
51 301 3
176 458 4
17 247 1
28 388 2
8 314 3
168 491 4
97 469 2
117 390 4
92 462 4
42 450 2
77 481 4
115 410 3
76 292 1
87 382 1
46 402 2
128 384 1
61 309 1
23 352 1
2 349 2
90 326 2
91 419 1
52 494 1
189 420 2
156 357 3
161 390 3
15 473 1
24 267 2
66 475 1
235 455 1
104 350 1
89 492 1
8 365 2
5 276 2
249 488 2
15 468 5
79 477 2
131 369 1
43 263 2
18 310 2
45 348 1
143 351 2
91 329 3
6 320 4
112 332 4
52 259 1
124 460 3
122 419 2
196 442 2
87 408 2
159 365 3
218 439 3
159 361 1
70 481 2
164 488 4
70 320 4
17 283 1
214 421 2
108 482 1
113 386 1
48 374 4
127 362 1
51 283 1
5 250 4
67 292 1
20 225 3
216 451 3
151 407 3
18 234 1
23 488 1
184 398 4
122 355 3
25 298 2
186 484 1
42 354 3
117 482 3
59 452 3
16 221 3
114 372 4
7 487 4
64 305 1
47 368 1
34 351 3
57 476 2
236 495 5
207 412 2
36 476 1
133 433 212
151 394 1
180 461 1
6 400 1
68 344 2
81 442 3
140 416 5
206 471 3
101 460 3
26 484 3
72 348 3
83 436 2
18 427 1
201 424 1
24 262 3
61 380 3
19 473 4
160 448 1
50 339 108
178 491 4
44 364 3
130 402 3
16 218 1
90 401 217
9 413 2
219 436 2
12 228 3
211 414 2
34 336 4
126 418 3
139 419 3
63 363 1
197 471 4
70 492 4
95 320 1
165 449 4
62 337 2
217 427 2
83 391 1
20 406 1
121 429 4
88 436 3
29 399 1
73 308 1
63 373 1
165 378 4
231 456 2
168 475 4
15 257 1
31 301 3
50 386 1
174 478 2
146 444 4
83 342 2
62 316 3
94 447 4
73 397 1
17 449 262
13 281 1
159 410 4
54 452 3
154 438 2
36 256 1
217 483 4
71 277 348
213 432 3
129 347 2
71 417 2
198 487 1
10 391 4
58 465 1
234 486 3
74 420 3
107 433 1
161 447 2
219 441 4
51 474 4
4 367 4
6 429 271
127 362 3
243 474 1
48 379 3
236 448 3
251 468 2
186 416 1
166 395 4
65 295 2
61 375 2
157 390 1
115 333 2
49 395 1
93 417 1
201 453 1
209 485 4
30 247 3
1 385 5
91 368 1
43 307 3
31 478 3
18 332 2
106 335 4
16 408 4
142 398 3
44 488 2
183 402 1
17 425 1
57 376 2
64 314 2
92 375 3
120 340 1
124 466 2
31 403 4
23 284 3
55 321 3
60 387 2
73 495 2
95 436 1
112 487 2
184 396 3
105 432 1
134 359 2
156 367 4
31 356 1
33 497 2
178 477 3
212 467 1
241 449 2
242 491 4
115 384 3
22 253 1
241 479 1
72 470 4
117 497 5
39 313 1
70 476 2
9 285 4
66 268 2
17 274 2
125 397 2
9 386 1
25 454 3
201 458 1
76 301 2
169 379 3
62 434 4
44 385 4
57 362 2
19 431 2
195 431 2
121 332 2
256 470 1
96 492 2
93 458 3
29 362 4
185 389 1
5 425 1
59 301 3
65 445 1
129 414 1
71 278 3
5 224 3
267 472 2
143 366 2
95 334 1
37 368 3
204 456 4
12 305 1
184 458 1
200 423 2
36 278 3
78 341 1
125 374 1
167 450 375
18 345 2
153 453 3
70 437 3
0 285 1
266 494 5
53 412 2
110 444 3
31 285 2
55 373 2
83 407 3
25 295 1
95 373 4
256 499 5
6 352 3
88 417 1
34 326 1
45 498 2
109 316 1
137 440 2
157 408 2
103 475 2
170 491 1
182 426 3
54 298 3
111 479 4
23 426 5
111 375 2
40 271 2
83 326 1
202 477 3
101 479 4
172 418 3
104 411 2
9 495 5
122 424 2
37 451 2
22 488 4
73 414 2
1 433 3
20 467 1
54 492 246
96 331 1
70 345 5
130 482 2
16 411 4
154 389 2
123 388 3
92 433 4
109 497 153
165 429 1
67 274 1
33 265 3
77 481 1
169 461 4
102 387 1
85 389 2
194 468 4
62 278 3
69 291 3
218 423 1
180 418 1
204 430 1
257 477 1
23 270 3
43 356 2
174 480 3
119 361 353
68 464 4
109 441 1
155 494 1
224 464 3
67 272 1
68 476 2
41 279 2
15 308 3
38 442 4
104 424 3
7 400 1
86 405 361
125 414 3
57 449 2
98 426 3
221 495 5
169 481 3
166 458 1
172 427 4
131 399 2
144 372 3
165 409 4
6 281 4
254 470 2
1 247 4
100 463 4
60 323 2
89 459 4
52 454 3
46 322 4
23 362 2
78 315 2
216 451 3
233 452 1
207 455 4
186 423 148
217 495 3
55 329 2
204 474 4
19 349 4
204 455 1
12 429 2
212 457 2
144 427 4
233 481 2
24 352 2
56 324 1
25 334 2
59 474 2
61 465 3
55 423 4
78 331 4
280 481 2
45 381 222
500
294 340 266 338 151 146 418 410 392 324 317 316 264 220 80 3 201 57 407 377 344 461 17 261 4 276 11 393 172 112 482 13 186 346 18 128 424 104 55 483 225 39 429 204 487 163 413 52 167 310 399 330 183 149 156 153 117 490 349 320 191 458 98 169 455 110 400 10 408 115 221 405 473 272 75 21 303 435 352 58 63 177 380 263 465 125 190 387 123 214 35 142 287 232 222 426 460 36 495 328 281 105 96 152 351 66 475 127 443 118 442 19 61 304 245 322 286 401 363 138 299 243 371 318 199 382 74 296 49 43 85 491 434 237 337 148 143 492 259 379 376 359 279 498 388 129 48 406 432 476 339 251 59 368 462 194 479 77 312 356 370 262 38 463 101 484 164 88 415 219 454 305 25 444 121 282 23 270 267 179 175 295 213 28 145 450 14 319 402 182 246 258 336 347 233 334 29 369 471 106 360 420 188 447 354 72 378 41 27 133 37 76 141 481 193 478 313 459 89 381 184 165 162 256 62 422 248 50 448 206 421 130 358 383 200 1 449 297 477 440 147 398 411 20 452 362 365 100 249 168 8 307 467 468 9 384 109 189 345 192 68 375 107 150 181 436 244 311 293 90 185 108 329 331 73 216 494 159 70 60 428 485 93 395 16 51 140 278 12 355 54 241 94 84 82 218 64 236 489 404 254 275 15 113 81 6 425 488 385 33 155 309 157 7 44 439 353 386 45 120 470 211 348 71 242 433 122 268 445 414 430 333 154 224 97 496 250 327 217 102 396 132 308 464 103 5 283 134 394 205 238 166 499 252 230 253 83 343 111 466 0 116 247 78 65 390 453 30 69 42 257 235 87 174 171 341 265 438 274 350 472 361 486 212 367 260 441 469 374 187 364 95 417 314 139 457 277 24 161 135 255 302 323 180 231 215 431 124 223 289 437 131 335 34 300 306 419 325 210 423 136 53 332 126 227 480 315 32 284 26 298 119 234 137 31 493 86 240 208 195 416 446 269 292 271 47 198 56 273 326 209 291 290 196 229 160 342 373 203 403 197 22 409 158 91 79 321 456 67 226 228 92 391 207 178 2 372 239 170 176 99 412 451 285 288 366 173 202 114 301 280 40 474 144 397 497 46 357 389 427 
500
65 364 1
102 382 1
160 396 1
165 467 1
86 410 1
66 410 1
148 373 1
117 484 1
192 403 1
32 455 1
26 489 1
163 462 1
86 312 1
29 387 1
81 498 1
50 454 1
172 421 1
37 288 1
59 402 1
155 375 1
8 349 1
70 383 1
114 479 1
275 475 1
223 466 1
161 445 1
15 369 1
6 247 1
38 455 1
0 297 1
89 421 1
114 371 1
160 407 1
65 460 1
237 459 1
27 230 1
5 479 1
97 380 1
194 433 1
230 481 1
85 423 1
99 433 1
35 454 1
150 460 1
154 488 1
67 426 1
5 497 1
120 366 1
98 371 1
168 485 1
57 354 1
96 405 1
3 340 1
259 460 1
62 335 1
91 365 1
43 286 1
30 430 1
13 390 1
177 481 1
29 360 1
163 394 1
20 372 1
13 430 1
208 408 1
90 484 1
106 334 1
33 239 1
63 400 1
54 384 1
129 365 1
157 419 1
42 269 1
7 385 1
58 380 1
70 334 1
115 447 1
263 473 1
39 281 1
23 231 1
9 308 1
281 492 1
123 464 1
4 269 1
18 492 1
75 278 1
246 483 1
176 454 1
7 479 1
67 322 1
41 285 1
59 383 1
103 427 1
52 482 1
5 372 1
58 391 1
59 284 1
15 331 1
153 439 1
25 439 1
17 339 1
68 305 1
66 487 1
212 448 1
74 385 1
70 302 1
6 461 1
20 389 1
60 332 1
238 488 1
23 303 1
50 329 1
37 471 1
90 475 1
124 404 1
90 422 1
84 350 1
13 427 1
76 398 1
271 493 1
83 379 1
69 278 1
92 353 1
70 446 1
219 491 1
71 460 1
116 478 1
172 435 1
243 443 1
161 474 1
61 454 1
133 350 1
157 493 1
132 402 1
59 322 1
142 418 1
103 410 1
22 425 1
91 336 1
167 471 1
102 303 1
126 444 1
19 229 1
34 297 1
69 391 1
64 445 1
104 352 1
35 411 1
188 480 1
176 457 1
244 452 1
115 329 1
10 295 1
193 407 1
97 486 1
33 383 1
57 398 1
37 406 1
127 457 1
75 487 1
12 391 1
24 480 1
61 357 1
0 247 1
14 398 1
102 499 1
11 255 1
118 471 1
82 325 1
84 401 1
252 453 1
100 427 1
81 336 1
13 449 1
188 423 1
27 237 1
29 391 1
32 299 1
72 482 1
5 302 1
77 299 1
63 466 1
102 449 1
117 466 1
11 224 1
79 296 1
7 240 1
43 406 1
22 460 1
141 383 1
87 458 1
74 322 1
194 423 1
28 288 1
217 468 1
83 398 1
84 369 1
213 452 1
153 481 1
147 459 1
63 444 1
44 359 1
3 345 1
262 470 1
109 345 1
166 388 1
129 330 1
18 416 1
27 379 1
93 486 1
259 459 1
246 450 1
66 373 1
126 332 1
63 272 1
65 468 1
65 398 1
44 252 1
25 388 1
103 383 1
33 319 1
71 427 1
180 422 1
9 488 1
175 453 1
51 498 1
25 328 1
159 377 1
66 288 1
81 499 1
116 336 1
152 374 1
45 437 1
92 428 1
38 431 1
255 476 1
197 497 1
221 431 1
74 310 1
79 425 1
150 358 1
181 452 1
201 412 1
68 488 1
151 387 1
69 347 1
140 426 1
17 366 1
73 286 1
101 442 1
55 371 1
123 452 1
85 342 1
105 405 1
9 388 1
279 486 1
2 223 1
121 381 1
6 472 1
63 427 1
48 331 1
186 444 1
32 332 1
8 491 1
29 431 1
215 442 1
59 496 1
140 375 1
236 497 1
9 293 1
149 467 1
146 442 1
18 292 1
225 454 1
28 270 1
45 333 1
96 470 1
181 489 1
22 335 1
236 477 1
256 469 1
170 401 1
181 466 1
46 436 1
2 277 1
206 473 1
246 478 1
148 486 1
100 478 1
154 471 1
107 366 1
112 397 1
163 400 1
92 366 1
174 489 1
64 417 1
272 492 1
0 476 1
90 483 1
75 314 1
238 452 1
142 460 1
145 425 1
24 385 1
46 302 1
7 343 1
150 430 1
191 494 1
241 467 1
36 255 1
143 353 1
203 476 1
25 430 1
50 255 1
76 405 1
53 397 1
71 402 1
75 435 1
117 446 1
51 485 1
94 367 1
186 401 1
225 461 1
10 437 1
13 242 1
113 410 1
133 467 1
118 454 1
23 386 1
281 491 1
102 487 1
59 263 1
174 379 1
38 496 1
1 472 1
30 276 1
29 232 1
165 422 1
56 395 1
120 382 1
272 495 1
55 359 1
147 413 1
81 286 1
186 473 1
12 256 1
53 430 1
127 374 1
39 247 1
110 336 1
25 351 1
79 468 1
53 254 1
33 245 1
106 383 1
251 499 1
135 438 1
165 427 1
82 429 1
71 370 1
20 351 1
68 329 1
20 246 1
235 443 1
183 432 1
4 253 1
132 400 1
71 315 1
74 412 1
146 376 1
124 495 1
17 235 1
154 489 1
234 466 1
170 456 1
120 491 1
255 471 1
175 446 1
78 308 1
51 445 1
121 352 1
197 479 1
174 432 1
32 318 1
28 251 1
198 408 1
154 404 1
17 387 1
12 241 1
40 343 1
47 378 1
64 406 1
23 291 1
51 401 1
29 280 1
249 496 1
33 368 1
220 445 1
2 286 1
66 334 1
60 498 1
116 381 1
32 328 1
183 402 1
102 464 1
16 227 1
9 384 1
196 493 1
172 412 1
152 445 1
192 448 1
170 438 1
77 397 1
124 421 1
216 444 1
166 421 1
5 364 1
9 242 1
229 488 1
54 262 1
133 379 1
2 439 1
197 480 1
1 293 1
105 344 1
117 490 1
217 499 1
114 426 1
71 311 1
91 372 1
93 461 1
260 462 1
50 363 1
1 396 1
25 488 1
58 278 1
157 359 1
251 468 1
190 423 1
74 461 1
189 495 1
235 458 1
207 425 1
172 447 1
61 297 1
240 458 1
1 416 1
149 418 1
26 253 1
160 407 1
86 476 1
23 366 1
129 395 1
256 491 1
22 276 1
184 408 1
71 390 1
21 464 1
45 494 1
47 387 1
205 489 1
264 469 1
29 346 1
164 472 1
5 368 1
20 490 1
171 465 1
41 329 1
72 442 1
146 471 1
34 349 1
274 490 1
213 488 1
164 483 1
128 439 1
165 474 1
47 260 1
1 275 1
187 419 1
43 387 1
11 323 1
21 347 1
212 489 1
81 371 1
211 478 1
257 473 1
206 495 1
55 339 1
7 338 1
111 495 1
11 441 1
91 423 1
44 438 1
129 338 1
97 414 1
107 429 1
82 443 1
133 348 1
58 404 1
121 364 1
1000
316 945 121 964 662 143 943 82 959 296 83 83 711 143 234 945 943 711 587 143 234 181 945 316 792 234 792 662 914 767 711 26 711 792 507 121 507 94 283 292 82 121 316 753 462 955 792 234 945 964 421 522 298 495 121 914 662 421 440 300 964 528 753 296 462 945 421 753 794 959 421 121 500 671 181 662 986 300 292 914 914 794 450 955 507 421 298 662 671 986 316 587 121 316 298 794 753 964 292 964 964 300 94 945 876 316 507 131 943 767 902 495 126 121 662 955 94 83 82 528 945 121 82 234 292 587 26 528 711 126 26 959 522 283 421 83 126 26 94 943 792 943 121 767 662 300 945 522 767 528 964 300 662 26 914 450 316 507 234 316 283 959 964 945 964 300 507 316 711 292 914 316 292 300 300 181 792 964 423 507 794 421 964 507 914 121 26 316 131 945 507 94 94 711 94 181 792 94 876 316 298 94 711 126 300 283 528 767 94 914 423 767 421 316 26 943 298 964 753 296 121 121 234 316 964 902 507 945 26 83 83 83 26 298 955 507 300 662 986 914 26 711 495 753 298 234 945 292 662 234 943 955 298 82 316 767 528 94 959 955 292 83 298 234 662 82 662 234 234 94 767 522 300 121 964 522 914 876 82 126 131 450 662 914 914 234 440 753 914 767 507 587 671 316 587 94 876 292 234 421 26 662 94 964 964 964 283 292 522 495 876 292 662 792 711 662 507 767 507 450 83 292 234 82 986 507 423 181 964 495 82 82 300 126 26 421 296 298 298 82 945 121 94 300 234 298 964 943 462 292 121 94 507 964 316 298 945 986 946 234 26 316 462 711 121 283 126 94 914 876 507 296 298 945 292 421 945 82 234 82 753 298 876 876 711 959 83 296 421 794 143 943 462 876 943 131 421 507 986 121 82 964 83 943 792 234 296 298 316 234 528 767 955 300 945 662 964 450 792 711 316 94 126 587 421 507 964 964 94 296 121 914 296 26 283 121 121 753 876 955 421 711 753 753 753 522 300 507 94 82 298 662 767 767 126 298 495 181 316 792 507 283 500 945 292 507 296 234 316 662 946 914 495 316 234 794 955 495 955 573 292 234 964 121 964 121 876 300 234 83 528 121 507 792 300 495 26 316 121 234 964 83 753 82 121 292 507 462 298 914 283 986 671 522 83 767 26 507 986 902 26 292 234 131 26 421 945 298 94 234 292 945 423 767 423 876 121 300 300 964 587 753 943 143 792 945 522 283 902 126 421 662 121 914 234 450 945 298 522 421 943 462 522 671 964 300 234 876 316 26 500 943 767 421 671 794 500 662 943 82 298 495 283 671 943 298 753 792 462 82 767 26 792 767 507 914 914 82 662 298 462 711 298 298 528 300 292 767 283 792 792 94 711 421 450 283 528 82 945 943 300 296 82 298 876 126 959 121 26 528 495 943 300 902 964 26 94 587 507 83 986 121 292 121 662 711 955 83 943 671 83 82 522 528 292 959 423 753 662 662 986 794 298 662 126 121 298 767 421 292 507 292 26 300 298 955 943 450 662 300 662 711 959 421 753 507 126 495 662 296 94 792 522 507 507 283 82 121 753 753 794 964 522 507 300 964 522 495 283 528 711 914 298 421 495 26 792 94 234 316 876 711 955 26 711 587 440 234 662 316 421 298 234 902 423 296 292 82 522 792 794 462 794 964 316 292 876 292 234 26 507 316 298 143 26 121 753 955 964 876 283 316 316 283 292 83 767 943 671 26 83 792 902 767 794 82 234 292 283 876 753 945 234 298 296 421 767 421 914 767 528 495 876 522 83 945 421 296 316 943 94 662 121 298 300 26 292 94 300 298 316 587 507 283 296 767 462 767 587 462 587 945 711 711 902 121 283 914 753 495 316 945 792 26 462 234 292 421 296 26 507 82 711 964 298 945 507 914 292 126 300 462 421 298 94 298 83 964 26 662 792 316 94 943 964 94 421 767 964 522 711 82 300 711 126 298 298 126 234 792 26 94 234 283 234 711 300 671 943 316 234 711 26 283 296 522 462 876 945 94 711 507 792 662 298 143 955 26 792 711 794 507 662 792 955 143 126 671 83 711 234 662 507 316 126 26 522 300 959 316 507 26 316 507 943 964 914 283 914 316 914 143 794 792 753 767 421 876 902 292 495 298 296 945 753 126 26 292 914 753 143 234 316 495 94 522 945 794 662 421 83 94 792 671 300 94 292 126 421 767 943 421 143 283 26 298 662 945 876 671 292 316 662 955 964 94 767 94 462 234 
1000
31 914 2
93 985 13
58 959 4
85 996 9
25 922 4
80 933 44
41 983 25
72 968 25
47 993 20
83 952 18
90 990 20
41 973 15
13 954 10
92 950 16
58 929 7
1 929 42
68 973 10
36 957 12
3 962 13
79 960 39
86 988 14
75 960 40
26 982 41
20 963 13
89 993 8
95 969 8
64 943 39
37 942 38
73 957 17
70 913 7
16 911 2
74 930 10
53 974 32
10 970 19
38 907 36
26 899 2
65 910 45
79 964 38
52 937 42
44 975 44
43 929 6
1 952 33
70 911 13
43 917 19
36 976 18
9 911 9
99 990 28
27 903 12
93 992 33
44 941 38
11 944 45
89 997 24
85 975 11
72 923 33
30 938 40
5 944 38
8 944 20
12 970 45
2 942 30
47 960 20
92 946 6
42 945 9
67 993 18
24 926 30
42 969 42
24 919 2
68 970 38
21 899 20
87 920 36
90 931 7
17 946 2
89 914 8
18 924 15
61 974 26
81 971 4
14 934 39
78 980 3
4 972 12
3 997 14
86 938 20
94 915 9
77 983 25
28 984 34
60 967 35
7 949 28
6 958 6
45 940 28
54 998 9
15 906 4
18 992 29
19 967 9
94 911 16
30 921 19
63 943 28
5 934 21
72 987 44
98 922 22
56 953 17
50 980 2
25 935 39
81 925 4
35 926 30
34 998 17
8 939 38
40 949 5
26 936 21
64 905 43
66 983 45
56 938 21
32 986 39
3 956 33
79 925 11
50 956 22
15 942 33
71 943 21
56 966 23
1 933 21
25 970 7
71 901 45
69 941 35
97 975 13
29 943 8
19 910 5
19 939 29
27 983 10
46 913 16
62 986 36
6 933 29
6 967 6
5 928 7
67 965 21
2 952 5
86 965 19
65 915 10
42 912 26
71 924 36
14 985 16
88 907 25
26 982 3
79 993 31
65 968 13
33 928 21
70 933 27
65 982 14
46 991 5
38 973 26
94 909 3
10 989 9
46 980 26
62 939 25
85 932 5
42 988 39
82 902 1
78 986 8
31 957 32
33 963 33
80 912 38
10 924 35
34 956 35
92 948 4
53 950 31
23 928 40
47 964 41
8 957 16
99 971 19
4 984 44
85 977 6
96 958 32
42 960 7
7 903 45
63 938 9
2 908 31
57 936 5
12 944 11
32 976 40
56 915 35
28 910 13
99 933 6
80 961 38
53 929 44
94 918 16
0 913 14
14 927 38
47 944 30
22 916 27
68 926 42
69 902 36
52 953 15
44 904 26
31 976 20
6 945 28
96 979 2
79 916 9
82 988 7
75 930 19
24 932 23
30 917 8
92 982 38
63 989 27
54 924 42
66 902 11
84 923 37
79 925 44
97 916 39
36 907 28
71 956 24
29 987 26
21 904 13
46 903 16
89 965 7
69 985 17
97 998 19
25 955 4
31 903 38
38 956 29
94 945 15
66 949 9
91 919 13
79 910 39
61 919 2
79 986 2
89 932 19
17 929 29
5 923 18
41 993 7
27 929 13
46 927 38
60 979 42
29 989 34
82 900 35
81 912 39
66 923 8
54 914 16
30 973 24
39 926 40
6 904 25
15 953 2
16 937 32
94 900 35
86 979 23
47 979 8
24 923 26
77 923 34
6 920 14
75 994 44
43 962 27
89 976 19
2 939 42
37 929 28
72 912 3
21 945 38
58 985 34
29 975 17
73 953 6
27 972 19
40 936 44
54 944 6
85 987 24
32 974 25
26 927 22
35 956 11
29 984 22
98 981 17
14 931 18
64 933 9
17 967 42
66 927 26
45 990 1
41 941 27
35 950 1
85 964 11
85 970 38
44 914 20
52 981 41
97 916 12
69 994 36
25 900 1
17 934 29
92 915 32
83 925 2
75 927 16
2 955 36
29 923 27
33 997 18
71 903 10
78 903 20
24 985 36
59 910 25
94 978 7
96 933 33
25 908 2
82 940 9
97 969 11
61 908 9
34 901 3
52 976 45
26 923 17
17 921 1
20 913 25
24 952 7
54 940 29
34 964 3
80 903 43
30 950 21
91 968 10
22 964 19
56 975 37
77 909 14
54 989 39
99 922 13
62 972 36
22 944 21
41 953 17
53 926 28
49 919 33
78 929 16
64 929 31
44 910 12
61 973 17
4 948 7
69 983 40
88 949 20
62 933 36
90 969 27
89 901 23
59 965 33
90 976 41
28 982 12
35 980 12
67 905 16
73 919 4
73 934 11
47 978 41
15 992 22
3 973 16
95 919 9
42 996 44
29 996 34
50 938 40
78 929 7
51 973 40
71 979 22
95 908 42
82 992 19
93 941 38
53 934 33
76 938 18
47 902 2
0 919 19
59 969 29
97 940 14
22 935 40
47 935 8
41 925 40
69 973 17
8 976 31
45 904 21
13 950 13
32 989 13
92 968 4
43 927 29
66 921 9
10 928 14
3 934 20
38 963 13
33 919 37
0 901 34
54 937 20
76 991 20
85 912 44
20 967 9
20 997 33
14 923 42
1 981 35
99 979 8
67 929 17
17 919 18
58 986 18
90 972 41
70 944 31
55 939 41
8 958 38
52 986 34
18 931 3
45 973 20
56 913 19
36 963 28
47 979 41
5 998 1
37 957 40
26 946 37
98 907 42
87 993 8
38 950 19
61 911 34
98 902 36
5 910 36
28 980 28
29 964 19
14 967 41
42 961 21
75 945 4
96 979 33
88 907 39
1 917 29
67 984 29
55 961 5
69 959 32
84 905 24
9 952 18
88 920 3
54 951 33
62 998 41
58 991 40
87 922 2
58 936 44
34 950 13
56 967 27
39 985 10
83 938 10
3 971 36
39 964 16
36 941 2
37 991 38
58 906 30
55 948 9
61 901 30
99 943 32
44 905 15
69 937 35
53 902 7
39 946 32
54 966 25
13 927 19
92 921 30
29 921 21
87 941 9
55 912 18
77 969 44
76 913 33
11 977 33
49 918 27
84 964 23
75 958 3
67 943 3
73 932 32
0 933 27
24 941 27
54 974 16
42 985 13
28 985 15
29 939 25
45 974 31
81 996 4
16 943 33
53 968 30
76 942 7
2 954 38
99 917 8
69 924 40
53 930 14
11 963 36
92 942 24
25 998 43
46 993 35
57 974 25
79 935 31
35 964 16
32 955 12
24 968 24
8 905 9
65 952 2
72 972 38
34 945 6
4 950 18
53 994 40
61 960 38
73 955 45
37 955 8
35 967 33
62 965 41
72 996 10
33 975 44
43 928 17
45 928 36
77 976 28
92 919 20
94 997 11
5 912 30
98 902 2
1 945 23
4 979 8
14 905 17
98 902 2
31 961 4
25 910 7
29 927 21
14 901 19
94 991 25
58 947 20
41 949 2
95 925 42
13 935 15
11 927 31
45 994 21
21 980 11
4 942 45
73 967 14
77 991 24
59 926 31
1 932 20
75 922 38
88 926 33
64 944 3
45 997 16
55 906 25
30 917 16
18 990 33
7 939 6
69 971 40
26 909 38
83 929 42
93 983 2
72 926 38
74 996 14
90 938 34
93 947 9
78 947 18
72 964 1
73 953 17
87 918 13
15 968 40
20 949 7
30 975 44
34 903 7
51 912 20
6 954 35
88 901 21
70 990 45
30 936 12
28 965 42
30 906 44
85 963 21
33 966 10
62 995 32
21 901 26
17 969 15
89 949 9
97 932 44
64 976 39
33 921 28
73 978 45
37 945 25
57 994 1
86 988 30
94 906 18
93 921 42
51 922 24
6 912 23
36 985 1
21 971 33
36 934 16
28 955 27
85 917 43
15 908 15
63 953 27
85 963 17
27 937 4
77 906 35
37 958 42
56 920 8
92 959 6
75 901 23
2 975 6
71 906 20
56 938 39
56 962 39
3 970 41
39 948 17
43 996 11
56 955 32
63 927 21
30 970 13
66 985 9
64 944 17
77 928 8
97 975 21
53 979 32
19 949 30
82 967 2
26 900 45
44 992 7
58 986 7
45 924 36
45 976 38
64 971 18
50 937 17
5 941 13
44 921 28
13 935 39
4 988 19
0 996 18
1 901 31
95 930 14
77 924 4
15 976 8
37 998 19
92 927 26
20 955 27
7 908 45
89 966 10
55 988 28
21 944 2
40 903 27
71 937 19
28 934 39
39 969 8
62 982 10
48 962 42
93 932 31
37 948 25
58 997 28
53 982 35
49 904 19
26 955 23
92 986 8
44 939 43
68 925 24
91 974 37
40 917 20
79 986 41
16 962 39
26 960 9
75 946 42
29 961 30
88 953 38
7 919 20
78 958 32
38 958 19
65 977 36
40 924 9
8 911 23
86 982 15
40 945 45
55 943 40
74 951 20
67 975 31
40 963 15
88 997 40
96 973 13
89 951 41
62 990 17
42 933 22
91 924 8
76 903 35
78 924 7
49 910 6
27 942 14
87 969 4
46 977 36
88 961 36
73 973 22
24 950 33
60 949 40
71 972 28
0 954 35
93 916 4
58 994 18
43 943 38
46 965 42
83 960 37
36 932 45
19 915 27
2 938 15
42 978 4
70 979 12
63 950 35
5 944 9
10 904 3
9 965 21
13 972 19
87 969 3
3 959 29
69 905 11
62 989 21
98 899 12
42 903 28
86 925 14
68 937 3
24 917 41
41 909 28
13 965 6
44 975 23
39 987 25
85 944 19
2 917 38
43 942 37
2 982 15
79 925 11
29 983 43
47 967 21
35 993 12
2 978 45
64 923 10
29 937 42
57 955 8
26 979 23
26 990 34
95 927 16
14 946 24
1 976 19
15 967 4
85 950 38
56 969 34
39 926 14
16 921 37
46 904 26
6 899 32
39 945 43
78 919 22
22 906 44
6 910 31
90 945 38
97 918 31
83 967 36
30 945 4
21 989 19
53 946 28
39 947 36
45 927 3
29 925 30
58 913 29
78 965 34
30 901 33
13 997 29
9 935 14
31 973 27
46 916 26
33 984 6
34 989 24
14 951 31
79 961 44
75 979 18
2 922 16
8 934 16
86 998 35
83 979 25
13 985 11
8 958 18
43 916 25
48 930 9
40 937 2
15 974 18
29 944 11
74 943 38
66 899 31
82 919 45
86 984 23
9 981 22
29 960 31
94 947 30
90 956 31
79 928 27
23 924 23
24 954 37
41 991 28
79 968 43
43 968 1
35 985 4
83 938 11
95 900 3
8 965 35
40 966 17
14 940 25
44 912 45
47 911 7
75 925 32
81 980 25
53 963 29
20 954 20
94 951 40
45 909 10
44 946 23
47 976 4
3 901 9
17 958 1
26 967 20
65 918 13
79 965 19
36 916 33
63 996 30
30 922 22
76 937 36
23 959 36
35 933 25
66 920 6
2 966 39
82 989 35
13 990 45
83 934 31
91 951 22
50 912 11
96 930 18
0 993 7
65 948 29
71 956 4
44 912 16
65 927 7
65 939 8
61 955 10
80 918 28
47 916 15
52 942 15
84 904 20
39 957 30
19 992 4
67 899 19
71 973 37
33 903 37
29 901 4
48 962 28
63 924 19
29 977 35
4 906 17
85 967 36
86 922 44
3 966 21
27 972 3
99 929 26
92 987 36
30 986 34
96 904 6
67 996 18
7 903 5
53 963 21
64 975 4
22 980 20
20 901 37
43 935 9
28 921 1
54 900 26
83 939 40
37 992 26
32 975 16
60 908 17
13 907 26
73 979 11
97 985 38
22 971 19
18 920 5
83 929 43
34 908 2
85 922 33
75 938 14
82 962 22
84 986 2
86 963 15
59 958 7
86 977 10
80 989 36
63 986 2
64 967 10
9 905 15
50 955 7
49 924 42
28 935 23
28 915 41
2 921 35
30 987 39
83 903 11
58 913 11
72 903 34
30 923 19
14 915 22
2 988 30
62 970 29
4 972 45
39 955 13
95 963 42
63 995 1
24 978 1
62 969 7
8 951 27
80 921 12
40 948 20
64 972 36
90 921 41
17 926 7
50 997 41
72 990 4
84 963 9
3 963 6
46 942 43
88 911 13
53 934 11
29 959 22
7 990 41
59 956 39
35 909 5
13 920 2
77 949 8
75 993 18
16 985 12
34 990 32
98 981 45
98 988 43
29 955 1
90 954 4
59 944 8
99 915 44
11 914 44
63 941 1
37 976 5
43 942 29
1 914 39
68 910 17
79 921 33
39 971 33
62 902 20
71 936 24
21 975 43
59 988 6
98 923 20
87 989 2
49 933 37
22 992 33
19 975 30
50 944 17
24 979 33
27 974 32
26 946 12
69 964 35
31 993 41
32 908 4
5 948 34
81 942 33
8 934 14
7 938 44
17 901 37
6 935 29
25 902 30
79 921 39
79 928 37
48 928 3
26 960 18
46 996 6
57 953 8
77 976 8
97 989 8
51 990 32
93 903 39
27 954 43
39 939 39
75 934 34
86 970 9
24 973 39
79 919 6
13 978 13
81 914 23
36 913 1
88 915 38
4 904 11
15 998 24
51 952 31
17 944 40
94 996 41
94 946 35
73 947 9
66 994 45
78 932 1
19 918 15
44 961 13
14 955 15
53 939 5
51 968 28
43 956 26
70 984 32
82 975 34
4 950 8
19 927 9
82 900 39
44 934 19
11 958 1
20 961 28
81 958 26
44 949 26
98 952 39
66 921 13
60 903 5
34 976 22
42 928 11
79 927 5
31 970 9
75 903 1
4 905 19
1 986 42
18 938 14
58 933 38
5 942 3
55 992 3
